#FamilyID	Bimp<0>	Bter<1>	Amel<2>	Aflo<3>	<4>	Mqua<5>	<6>	<7>	<8>	Emex<9>	<10>	Hlab<11>	Lalb<12>	Dnov<13>	<14>	Ccal<15>	Mrot<16>	<17>	<18>	<19>	<20>	
ORTHOMCL15	0.595119	0.14448	0.609088	0.614299	0.70776	0.0148778	0.318797	0.611496	0.558832	0.210931	0.586506	0.43394	0.533715	0.393811	0.558283	0.321672	2.39227e-06	0.274495	0.54473	0.54473	N/A
ORTHOMCL44	0.595119	0.595119	2.17086e-06	0.0112068	0.122878	0.000467356	0.682154	0.595828	0.549792	0.740382	0.573793	0.190522	0.323981	0.637671	0.549319	0.073233	0.0172168	0.158413	0.0158705	0.0459097	N/A
ORTHOMCL49	0.0774439	0.551461	0.548749	0.551388	0.626881	0.0241785	0.189256	0.561255	0.0609129	0.000418786	0.560448	0.00534593	0.802972	0.343077	0.54007	0.000674846	0.00295753	0.632066	0.530524	0.530524	N/A
ORTHOMCL188	0.0364897	0.56681	0.525329	0.526758	0.00605587	0.267947	0.134218	0.542184	0.520879	0.0748853	0.531717	0.205378	0.63199	0.577626	0.520671	0.293136	2.05146e-06	0.111122	0.515626	0.515626	N/A
ORTHOMCL213	0.551461	0.0273956	0.548749	0.00179917	0.0501505	0.267947	0.589402	0.542184	0.520879	0.629462	0.531717	0.636596	0.767381	0.684529	0.520671	0.293136	0.235016	0.0400534	0.515626	0.515626	N/A
ORTHOMCL237	0.0364897	0.56681	0.0731406	0.551388	0.00605587	0.267947	0.589402	0.542184	0.520879	0.194594	0.531717	0.636596	0.323981	0.08049	0.520671	0.69426	0.0936058	0.57404	0.515626	0.515626	N/A
ORTHOMCL327	0.551461	0.0273956	0.525329	0.526758	0.0501505	0.267947	0.134218	0.542184	0.520879	0.629462	0.531717	0.205378	0.63199	0.577626	0.520671	0.69426	1.87538e-05	0.111122	0.515626	0.515626	N/A
ORTHOMCL462	0.551461	0.551461	0.0731406	0.551388	0.0501505	0.267947	0.589402	0.542184	0.520879	0.629462	0.531717	0.000903798	0.63199	0.577626	0.520671	0.69426	0.589782	0.539306	0.515626	0.0234399	N/A
ORTHOMCL499	0.551461	0.0273956	0.525329	0.526758	0.0501505	0.267947	0.134218	0.542184	0.520879	0.629462	0.531717	0.0797486	0.323981	0.08049	0.520671	0.69426	0.235016	0.57404	0.515626	0.515626	N/A
ORTHOMCL500	0.551461	0.0273956	0.525329	0.526758	0.0501505	0.267947	0.134218	0.542184	0.520879	0.629462	0.531717	0.636596	0.63199	0.577626	0.520671	0.293136	0.00143234	0.111122	0.515626	0.515626	N/A
ORTHOMCL559	0.56681	0.56681	0.0731406	0.0271079	0.00605587	0.267947	0.589402	0.542184	0.520879	0.0748853	0.00819108	0.576935	0.63199	0.577626	0.510501	0.616677	0.589782	0.539306	0.507907	0.507907	N/A
ORTHOMCL607	0.535246	0.535246	0.0731406	0.0271079	0.590912	0.267947	0.589402	0.542184	0.520879	0.0748853	0.531717	0.205378	0.63199	0.577626	0.520671	0.293136	0.0204701	0.111122	0.515626	0.515626	N/A
ORTHOMCL638	0.581347	0.0455437	0.525329	0.526758	3.18219e-06	0.604725	0.548116	0.5218	0.510608	0.572391	0.516252	0.576935	0.63199	0.577626	0.510501	0.616677	0.589782	0.539306	0.507907	0.507907	N/A
ORTHOMCL680	0.00913652	0.518112	0.525329	0.000367645	0.548996	0.604725	0.548116	0.5218	0.510608	0.572391	0.516252	0.113796	0.63199	0.577626	0.510501	0.616677	3.46717e-07	0.539306	0.507907	0.507907	N/A
ORTHOMCL684	0.518112	0.518112	0.525329	0.526758	0.548996	0.604725	0.548116	0.5218	0.510608	0.572391	0.516252	0.576935	0.323981	0.637671	0.510501	0.616677	2.05146e-06	0.57404	0.0234399	0.515626	N/A
ORTHOMCL694	0.551461	3.49989e-05	0.525329	0.526758	0.00125979	0.604725	0.548116	0.5218	0.510608	0.572391	0.516252	0.576935	0.63199	0.577626	0.510501	0.0612456	0.589782	0.539306	0.507907	0.507907	N/A
ORTHOMCL715	0.518112	0.518112	0.525329	1.99061e-10	0.548996	0.604725	0.548116	0.5218	0.510608	0.572391	0.516252	0.0398157	0.63199	0.0401842	0.510501	0.616677	0.589782	0.539306	0.507907	0.507907	N/A
ORTHOMCL734	0.56681	0.56681	0.525329	0.000367645	6.33158e-05	0.604725	0.548116	0.5218	0.510608	0.572391	0.516252	0.576935	0.63199	0.577626	0.510501	0.616677	0.589782	0.539306	0.507907	0.507907	N/A
ORTHOMCL780	0.535246	0.535246	0.525329	0.526758	0.590912	0.267947	0.134218	0.542184	0.520879	0.000753603	0.531717	0.0797486	0.63199	0.577626	0.00527755	0.616677	0.589782	0.539306	0.507907	0.507907	N/A
ORTHOMCL880	5.5802e-08	0.518112	0.525329	0.526758	0.548996	0.604725	0.548116	0.5218	0.510608	0.572391	0.516252	0.00319108	0.63199	0.577626	0.510501	0.0612456	0.589782	0.539306	0.507907	0.507907	N/A
ORTHOMCL887	0.56681	0.56681	0.525329	0.526758	6.33158e-05	0.604725	0.548116	0.5218	0.510608	0.572391	0.516252	0.576935	0.192938	0.577626	0.510501	0.00761999	0.589782	0.539306	0.507907	0.507907	N/A
ORTHOMCL921	0.518112	0.518112	0.525329	0.526758	0.548996	0.604725	0.548116	0.5218	0.510608	0.572391	0.516252	0.576935	0.63199	0.577626	0.510501	0.616677	3.46717e-07	0.539306	0.507907	0.507907	N/A
ORTHOMCL935	0.551461	0.0273956	0.525329	0.526758	0.00125979	0.154015	0.548116	0.5218	0.510608	0.000211592	0.516252	0.576935	0.192938	0.577626	0.510501	0.616677	0.589782	0.539306	0.507907	0.507907	N/A
ORTHOMCL970	0.518112	0.518112	0.525329	0.526758	0.548996	0.604725	0.548116	0.5218	0.510608	0.572391	0.516252	0.576935	0.63199	0.577626	0.510501	1.82589e-06	0.589782	0.539306	0.507907	0.507907	N/A
ORTHOMCL993	0.0182734	0.535246	0.525329	0.526758	0.025066	0.604725	0.548116	0.5218	0.510608	0.572391	0.516252	0.576935	0.63199	0.577626	0.510501	0.000948057	0.589782	0.539306	0.507907	0.507907	N/A
ORTHOMCL1129	0.535246	0.000823	0.525329	0.526758	0.025066	0.604725	0.548116	0.5218	0.510608	0.572391	0.516252	0.576935	0.63199	0.577626	0.510501	0.0612456	0.589782	0.539306	0.507907	0.507907	N/A
ORTHOMCL1229	0.00913652	0.518112	0.525329	0.526758	0.548996	0.604725	0.548116	0.5218	0.510608	0.037397	0.516252	0.576935	0.63199	0.577626	0.510501	0.616677	0.000414511	0.539306	0.507907	0.507907	N/A
ORTHOMCL1247	0.518112	0.000167008	0.525329	0.526758	0.548996	0.604725	0.548116	0.5218	0.510608	0.572391	0.516252	0.576935	0.63199	0.0401842	0.510501	0.616677	0.00439937	0.539306	0.507907	0.507907	N/A
ORTHOMCL1492	3.05276e-06	0.518112	0.525329	0.526758	0.548996	0.604725	0.548116	0.5218	0.510608	0.572391	0.516252	0.576935	0.63199	0.577626	0.510501	0.0612456	0.589782	0.539306	0.507907	0.507907	N/A
ORTHOMCL1855	0.518112	0.000167008	0.525329	0.0135531	0.548996	0.604725	0.548116	0.5218	0.510608	0.572391	0.516252	0.576935	0.63199	0.577626	0.510501	0.616677	0.589782	0.539306	0.507907	0.507907	N/A
ORTHOMCL2084	0.518112	0.00913652	0.525329	0.0135531	0.548996	0.604725	0.548116	0.5218	0.510608	0.572391	0.516252	0.576935	0.192938	0.577626	0.510501	0.00761999	0.589782	0.539306	0.507907	0.507907	N/A
ORTHOMCL2985	0.518112	0.0270846	0.525329	0.000367645	0.548996	0.604725	0.548116	0.5218	0.510608	0.572391	0.516252	0.576935	0.0696079	0.114802	0.510501	0.616677	0.589782	0.539306	0.507907	0.507907	N/A
