FamilyID	Bimp<0>	Bter<1>	Amel<2>	Aflo<3>	<4>	Mqua<5>	<6>	<7>	<8>	Emex<9>	<10>	Hlab<11>	Lalb<12>	Dnov<13>	<14>	Ccal<15>	Mrot<16>	<17>	<18>	<19>	<20>
ORTHOMCL1	+0	+0	-2	+2	+3	+1	+0	+2	+0	-2	+0	-1	+1	-1	+0	+0	+2	+0	+0	+0	+0
ORTHOMCL9	+0	+0	+0	+0	+1	+0	+0	+0	+0	+0	+0	+1	+0	-1	+0	+0	+1	+0	+0	+0	+0
ORTHOMCL15	+0	-1	+0	+0	+0	-3	-1	+0	+0	+1	+0	-1	-1	-1	+0	+1	+8	-1	+0	+0	+0
ORTHOMCL21	-1	+1	+0	-1	+0	+0	-1	+0	+0	+0	+0	+0	+0	+2	+0	+0	-1	+0	+0	+0	+0
ORTHOMCL36	+1	+0	+0	+0	+1	-1	+1	+0	+0	+0	+0	-1	+0	+0	+0	-1	+0	+0	+0	+0	+0
ORTHOMCL44	+0	+0	-4	+2	+1	-4	+0	+0	+0	+0	+0	+1	-1	+0	+0	+2	-2	-1	+1	-1	+0
ORTHOMCL49	-1	+0	+0	+0	+0	-2	-1	+0	-1	+4	+0	+3	+0	-1	+0	+5	-3	+0	+0	+0	+0
ORTHOMCL60	+0	+0	+0	+0	+0	-1	-1	+0	+0	+0	+0	-1	+0	+0	+0	+0	-1	+0	+0	+0	+0
ORTHOMCL188	+1	+0	+0	+0	+2	-1	-1	+0	+0	+1	+0	-1	+0	+0	+0	-1	+6	-1	+0	+0	+0
ORTHOMCL213	+0	+1	+0	+2	+1	-1	+0	+0	+0	+0	+0	+0	+0	+0	+0	-1	-1	+1	+0	+0	+0
ORTHOMCL226	+1	+0	+0	+1	+0	+0	+0	+0	+0	+0	+0	+0	-1	+1	+0	+0	+2	+0	+0	+0	+0
ORTHOMCL233	+0	+0	+0	+0	+0	+0	+0	+0	+0	+0	+0	+0	+0	+0	+0	+3	+0	+0	+0	+0	+0
ORTHOMCL237	+1	+0	-1	+0	+2	-1	+0	+0	+0	-1	+0	+0	-1	+1	+0	+0	+1	+0	+0	+0	+0
ORTHOMCL327	+0	+1	+0	+0	+1	-1	-1	+0	+0	+0	+0	-1	+0	+0	+0	+0	+5	-1	+0	+0	+0
ORTHOMCL394	+0	+0	+0	+0	+0	+0	+0	+0	+0	+0	+0	+0	+0	+1	+0	+0	+0	+0	+0	+0	+0
ORTHOMCL462	+0	+0	-1	+0	+1	-1	+0	+0	+0	+0	+0	+3	+0	+0	+0	+0	+0	+0	+0	-1	+0
ORTHOMCL499	+0	+1	+0	+0	+1	-1	-1	+0	+0	+0	+0	+1	-1	+1	+0	+0	-1	+0	+0	+0	+0
ORTHOMCL500	+0	+1	+0	+0	+1	-1	-1	+0	+0	+0	+0	+0	+0	+0	+0	-1	+3	-1	+0	+0	+0
ORTHOMCL559	+0	+0	-1	+1	+2	-1	+0	+0	+0	+1	+1	+0	+0	+0	+0	+0	+0	+0	+0	+0	+0
ORTHOMCL595	+0	+0	-1	+0	-1	+0	+0	+0	+0	+0	+0	+0	+0	+0	+0	+0	+1	+0	+0	+0	+0
ORTHOMCL607	+0	+0	-1	+1	+0	-1	+0	+0	+0	+1	+0	-1	+0	+0	+0	-1	+2	-1	+0	+0	+0
ORTHOMCL638	+0	+1	+0	+0	+4	+0	+0	+0	+0	+0	+0	+0	+0	+0	+0	+0	+0	+0	+0	+0	+0
ORTHOMCL680	+1	+0	+0	+2	+0	+0	+0	+0	+0	+0	+0	-1	+0	+0	+0	+0	+6	+0	+0	+0	+0
ORTHOMCL684	+0	+0	+0	+0	+0	+0	+0	+0	+0	+0	+0	+0	-1	+0	+0	+0	+6	+0	-1	+0	+0
ORTHOMCL694	+0	+3	+0	+0	+2	+0	+0	+0	+0	+0	+0	+0	+0	+0	+0	+1	+0	+0	+0	+0	+0
ORTHOMCL715	+0	+0	+0	+6	+0	+0	+0	+0	+0	+0	+0	+1	+0	+1	+0	+0	+0	+0	+0	+0	+0
ORTHOMCL734	+0	+0	+0	+2	+3	+0	+0	+0	+0	+0	+0	+0	+0	+0	+0	+0	+0	+0	+0	+0	+0
ORTHOMCL780	+0	+0	+0	+0	+0	-1	-1	+0	+0	+3	+0	+1	+0	+0	+1	+0	+0	+0	+0	+0	+0
ORTHOMCL802	+0	+0	-1	+0	-1	+0	+0	+0	+0	+1	+0	+0	+0	-1	+0	+0	-1	+0	+0	+0	+0
ORTHOMCL880	+4	+0	+0	+0	+0	+0	+0	+0	+0	+0	+0	+2	+0	+0	+0	+1	+0	+0	+0	+0	+0
ORTHOMCL882	+0	+1	+0	+0	+0	+0	-1	+0	+0	-1	+0	-1	+0	+0	+0	-1	+0	+0	+0	+0	+0
ORTHOMCL887	+0	+0	+0	+0	+3	+0	+0	+0	+0	+0	+0	+0	-1	+0	+0	+2	+0	+0	+0	+0	+0
ORTHOMCL890	+0	-1	+0	+0	+0	-1	+0	+0	+0	+0	+0	-1	+0	-1	+0	+0	+0	+0	+0	+0	+0
ORTHOMCL921	+0	+0	+0	+0	+0	+0	+0	+0	+0	+0	+0	+0	+0	+0	+0	+0	+6	+0	+0	+0	+0
ORTHOMCL935	+0	+1	+0	+0	+2	-1	+0	+0	+0	+3	+0	+0	-1	+0	+0	+0	+0	+0	+0	+0	+0
ORTHOMCL953	+0	+0	-1	+0	+0	-1	+0	+0	+0	+0	+0	-1	+0	+0	+0	+0	+0	-1	+0	+0	+0
ORTHOMCL970	+0	+0	+0	+0	+0	+0	+0	+0	+0	+0	+0	+0	+0	+0	+0	+6	+0	+0	+0	+0	+0
ORTHOMCL993	+1	+0	+0	+0	+1	+0	+0	+0	+0	+0	+0	+0	+0	+0	+0	+3	+0	+0	+0	+0	+0
ORTHOMCL1018	+0	+1	+0	+0	+0	-1	-1	+0	+0	+0	+0	-1	+0	+0	+0	+0	+0	-1	+0	+0	+0
ORTHOMCL1026	+0	+0	+0	+0	+0	+0	+0	+0	-1	+0	+0	+0	+0	+0	+0	+1	-1	+0	+0	+0	+0
ORTHOMCL1071	-1	+0	+0	+0	+0	+0	-1	+0	+0	-1	+0	+0	+0	+1	+0	-1	-1	+0	+0	+0	+0
ORTHOMCL1089	+1	+0	+0	+0	+1	+0	+0	+0	+0	+0	+0	+1	+0	+0	+0	+2	+0	+0	+0	+0	+0
ORTHOMCL1129	+0	+2	+0	+0	+1	+0	+0	+0	+0	+0	+0	+0	+0	+0	+0	+1	+0	+0	+0	+0	+0
ORTHOMCL1229	+1	+0	+0	+0	+0	+0	+0	+0	+0	+1	+0	+0	+0	+0	+0	+0	+3	+0	+0	+0	+0
ORTHOMCL1236	+0	+0	+0	+0	+0	-1	-1	+0	+0	+0	+0	-1	+0	+0	+0	+0	+0	-1	+0	+0	+0
ORTHOMCL1247	+0	+2	+0	+0	+0	+0	+0	+0	+0	+0	+0	+0	+0	+1	+0	+0	+2	+0	+0	+0	+0
ORTHOMCL1256	+0	+0	+0	+0	+1	+0	+0	+0	+0	+0	+0	+0	+0	+0	+0	+1	+2	+0	+0	+0	+0
ORTHOMCL1291	+0	+0	+0	+0	+2	+0	+0	+0	+0	+0	+0	+0	+0	+0	+0	+0	+1	+0	+0	+0	+0
ORTHOMCL1294	+1	+0	+0	+0	+1	+0	+0	+0	+0	+0	+0	+0	+0	+0	+0	+0	+2	+0	+0	+0	+0
ORTHOMCL1301	+0	+0	+0	+0	+0	+0	+0	+0	+0	+0	+0	+0	+0	+0	+0	+0	+5	+0	+0	+0	+0
ORTHOMCL1362	+0	+0	+0	+1	+0	+1	+0	+0	+0	+1	+0	+0	+0	+0	+0	+1	+0	+0	+0	+0	+0
ORTHOMCL1436	+0	+0	+0	+0	+0	+0	+0	+0	+0	+0	+0	+0	+0	+0	+0	+4	+0	+0	+0	+0	+0
ORTHOMCL1440	+0	+0	+0	+1	+1	+0	+0	+0	+0	+0	+0	+0	+0	+0	+0	+1	+0	+0	+0	+0	+0
ORTHOMCL1492	+3	+0	+0	+0	+0	+0	+0	+0	+0	+0	+0	+0	+0	+0	+0	+1	+0	+0	+0	+0	+0
ORTHOMCL1506	+0	+0	+0	+1	+1	+0	+0	+0	+0	+0	+0	+1	+0	+0	+0	+0	+0	+0	+0	+0	+0
ORTHOMCL1517	+0	+0	+0	+1	+1	+0	+0	+0	+0	+0	+0	+0	+0	+0	+0	+1	+0	+0	+0	+0	+0
ORTHOMCL1590	+0	+0	+0	+0	+2	+0	+0	+0	+0	+0	+0	+0	+0	-1	+0	+1	+0	+0	+0	+0	+0
ORTHOMCL1734	+0	+0	+0	+0	+0	+0	+0	+0	+0	+0	+0	+0	+0	+0	+0	+0	+3	+0	+0	+0	+0
ORTHOMCL1802	+0	+0	+0	+1	+0	+0	+0	+0	+0	+0	+0	+0	+0	+0	+0	+2	+0	+0	+0	+0	+0
ORTHOMCL1844	+0	+0	+0	+0	+0	+0	+0	+0	+0	+0	+0	+0	+0	+1	+0	+2	+0	+0	+0	+0	+0
ORTHOMCL1855	+0	+2	+0	+1	+0	+0	+0	+0	+0	+0	+0	+0	+0	+0	+0	+0	+0	+0	+0	+0	+0
ORTHOMCL1873	+0	+0	+0	+0	+1	+0	+0	+0	+0	+0	+0	+0	+0	+0	+0	+0	+1	+0	+0	+0	+0
ORTHOMCL1904	+0	+0	+0	+1	+0	+0	+0	+0	+0	+0	+0	+0	+0	+0	+0	+1	+1	+0	+0	+0	+0
ORTHOMCL1993	+0	+0	+0	+0	+1	+0	+0	+0	+0	+0	+0	+0	+0	+0	+0	+1	+0	+0	+0	+0	+0
ORTHOMCL2050	+0	+0	+0	+1	+0	+0	+0	+0	+0	+1	+0	+0	+0	+0	+0	+0	+1	+0	+0	+0	+0
ORTHOMCL2075	+1	+0	+0	+1	+0	+0	+0	+0	+0	+0	+0	+0	+0	+0	+0	+1	+0	+0	+0	+0	+0
ORTHOMCL2076	+0	+0	+0	+1	+1	+0	+0	+0	+0	+0	+0	+0	+0	+0	+0	+0	+0	+0	+0	+0	+0
ORTHOMCL2084	+0	+1	+0	+1	+0	+0	+0	+0	+0	+0	+0	+0	-1	+0	+0	+2	+0	+0	+0	+0	+0
ORTHOMCL2150	+0	+0	+0	+0	+0	+0	+0	+0	+0	+0	+0	+0	+0	+0	+0	+0	+3	+0	+0	+0	+0
ORTHOMCL2167	+0	+0	+0	+0	+1	+0	+0	+0	+0	+0	+0	+0	+0	+0	+0	+1	+0	+0	+0	+0	+0
ORTHOMCL2212	+0	+0	+0	+1	+0	+0	+0	+0	+0	+1	+0	+0	+0	+0	+0	+0	+0	+0	+0	+0	+0
ORTHOMCL2323	+0	+0	+0	+0	+0	+0	+0	+0	+0	+0	+0	+0	+0	+1	+0	+1	+0	+0	+0	+0	+0
ORTHOMCL2359	+0	+0	+0	+0	+0	+0	+0	+0	+0	+0	+0	+0	+0	+0	+0	+1	+1	+0	+0	+0	+0
ORTHOMCL2367	+0	+0	+0	+1	+0	+0	+0	+0	+0	+0	+0	+0	+0	+1	+0	+0	+0	+0	+0	+0	+0
ORTHOMCL2440	+0	+1	+0	+1	+0	+0	+0	+0	+0	+0	+0	+0	+0	+0	+0	+0	+0	+0	+0	+0	+0
ORTHOMCL2506	+1	+0	+0	+1	+0	+0	+0	+0	+0	+0	+0	+0	+0	+0	+0	+0	+0	+0	+0	+0	+0
ORTHOMCL2596	+0	+0	+0	+1	+0	+0	+0	+0	+0	+1	+0	+0	+0	+0	+0	+0	+0	+0	+0	+0	+0
ORTHOMCL2644	+1	+0	+0	+0	+0	+0	+0	+0	+0	+0	+0	+0	+0	+0	+0	+0	+1	+0	+0	+0	+0
ORTHOMCL2649	+0	+0	+0	+1	+0	+0	+0	+0	+0	+0	+0	+0	+0	+0	+0	+1	+0	+0	+0	+0	+0
ORTHOMCL2698	+0	+0	+0	+2	+0	+0	+0	+0	+0	+0	+0	+0	+0	+0	+0	+0	+0	+0	+0	+0	+0
ORTHOMCL2702	+0	+0	+0	+0	+0	+0	+0	+0	+0	+0	+0	+0	+0	+0	+0	+0	+2	+0	+0	+0	+0
ORTHOMCL2719	+0	+0	+0	+0	+0	+0	+0	+0	+0	+0	+0	+0	+0	+0	+0	+2	+0	+0	+0	+0	+0
ORTHOMCL2722	+0	+0	+0	+0	+0	+1	+0	+0	+0	+0	+0	+0	+0	+0	+0	+1	+0	+0	+0	+0	+0
ORTHOMCL2742	+0	+0	+0	+0	+1	+0	+0	+0	+0	+0	+0	+0	+0	+0	+0	+0	+0	+0	+0	+0	+0
ORTHOMCL2768	+0	+0	+0	+0	+0	+0	+0	+0	+0	+0	+0	+0	+0	+0	+0	+1	+1	+0	+0	+0	+0
ORTHOMCL2820	+0	+0	+0	+0	+0	+0	+0	+0	+0	+1	+0	+0	+0	+0	+0	+1	+0	+0	+0	+0	+0
ORTHOMCL2860	+1	+0	+0	+0	+0	+0	+0	+0	+0	+0	+0	+0	+0	+0	+0	+0	+1	+0	+0	+0	+0
ORTHOMCL2875	+0	+0	+0	+0	+1	+0	+0	+0	+0	+0	+0	+0	+0	+0	+0	+0	+0	+0	+0	+0	+0
ORTHOMCL2879	+0	+0	+0	+0	+0	+0	+0	+0	+0	+0	+0	+0	+0	+0	+0	+0	+2	+0	+0	+0	+0
ORTHOMCL2907	+0	+0	+0	+0	+0	+0	+0	+0	+0	+0	+0	+0	+0	+0	+0	+0	+2	+0	+0	+0	+0
ORTHOMCL2960	+0	+0	+0	+0	+0	+0	+0	+0	+0	+1	+0	+0	+0	+0	+0	+1	+0	+0	+0	+0	+0
ORTHOMCL2961	+0	+0	+0	+0	+0	+0	+0	+0	+0	+0	+0	+0	+0	+0	+0	+0	+2	+0	+0	+0	+0
ORTHOMCL2985	+0	-1	+0	+2	+0	+0	+0	+0	+0	+0	+0	+0	+1	-1	+0	+0	+0	+0	+0	+0	+0
ORTHOMCL3063	+1	+0	+0	+0	+0	+0	+0	+0	+0	+0	+0	+0	+0	+0	+0	+0	+0	+0	+0	+0	+0
ORTHOMCL3115	+0	+0	+0	+0	+0	+0	+0	+0	+0	+1	+0	+0	+0	+0	+0	+0	+0	+0	+0	+0	+0
ORTHOMCL3144	+0	+1	+0	+0	+0	+0	+0	+0	+0	+0	+0	+0	+0	+0	+0	+0	+0	+0	+0	+0	+0
ORTHOMCL3197	+0	+0	+0	+0	+0	+0	+0	+0	+0	+0	+0	+0	+0	+0	+0	+1	+0	+0	+0	+0	+0
ORTHOMCL3237	+0	+0	+0	+0	+0	+1	+0	+0	+0	+1	+0	+0	+0	+0	+0	-1	+0	+0	+0	+0	+0
ORTHOMCL3260	+0	+0	+0	+0	+0	+0	+0	+0	+0	+0	+0	+0	+1	+0	+0	+0	+0	+0	+0	+0	+0
ORTHOMCL3280	+0	+0	+0	+0	+0	+0	+0	+0	+0	+0	+0	+0	+0	+0	+0	+1	+0	+0	+0	+0	+0
ORTHOMCL3357	+1	+0	+0	+0	+0	+0	+0	+0	+0	+0	+0	+0	+0	+0	+0	+0	+0	+0	+0	+0	+0
ORTHOMCL3361	+0	+0	+0	+0	+0	+0	+0	+0	+0	+0	+0	+0	+0	+1	+0	+0	+0	+0	+0	+0	+0
ORTHOMCL3366	+0	+0	+0	+1	+0	+0	+0	+0	+0	+0	+0	+0	+0	+0	+0	+0	+0	+0	+0	+0	+0
ORTHOMCL3410	+0	+0	+0	+0	+0	+0	+0	+0	+0	+0	+0	+0	+1	+0	+0	+0	+0	+0	+0	+0	+0
ORTHOMCL3446	+0	+0	+0	+0	+0	+0	+0	+0	+0	+0	+0	+0	+0	+1	+0	+0	+0	+0	+0	+0	+0
ORTHOMCL3490	+0	+0	+0	+0	+0	+0	+0	+0	+0	+0	+0	+0	+0	+1	+0	+0	+0	+0	+0	+0	+0
ORTHOMCL3556	+1	+0	+0	+0	+0	+0	+0	+0	+0	+0	+0	+0	+0	+0	+0	+0	+0	+0	+0	+0	+0
ORTHOMCL3613	+0	+0	+0	+0	+0	+0	+0	+0	+0	+1	+0	+0	+0	+0	+0	+0	+0	+0	+0	+0	+0
ORTHOMCL3619	+0	+0	+0	+1	+0	+0	+0	+0	+0	+0	+0	+0	+0	+0	+0	+0	+0	+0	+0	+0	+0
ORTHOMCL3648	+0	+0	+0	+0	-1	+0	+0	+0	+0	+0	+0	+0	+0	+0	+0	+0	+3	+0	+0	+0	+0
ORTHOMCL3651	+0	+0	+0	+0	+0	+0	+0	+0	+0	+0	+0	+0	+0	+0	+0	+1	+0	+0	+0	+0	+0
ORTHOMCL3656	+0	+0	+0	+0	+0	+0	+0	+0	+0	+0	+0	+0	+0	+0	+0	+0	+1	+0	+0	+0	+0
ORTHOMCL3761	+0	+0	+0	+0	+0	+0	+0	+0	+0	+0	+0	+0	+0	+1	+0	+0	+0	+0	+0	+0	+0
ORTHOMCL3763	+0	+0	+0	+0	+0	+0	+0	+0	+0	+0	+0	+0	+1	+0	+0	+0	+0	+0	+0	+0	+0
ORTHOMCL3939	+0	+0	+0	+0	+0	+0	+0	+0	+0	+0	+0	+0	+0	+0	+0	+1	+0	+0	+0	+0	+0
ORTHOMCL3972	+0	+0	+0	+0	+0	+0	+0	+0	+0	+0	+0	+0	+0	+0	+0	+1	+0	+0	+0	+0	+0
ORTHOMCL4002	+0	+1	+0	+0	+0	+0	+0	+0	+0	+0	+0	+0	+0	+0	+0	+0	+0	+0	+0	+0	+0
ORTHOMCL4003	+0	+0	+0	+0	+0	+0	+0	+0	+0	+0	+0	+0	+1	+0	+0	+0	+0	+0	+0	+0	+0
ORTHOMCL4131	+0	+0	+0	+0	+0	+0	+0	+0	+0	+0	+0	+0	+0	+1	+0	+0	+0	+0	+0	+0	+0
ORTHOMCL4135	+0	+1	+0	+0	+0	+0	+0	+0	+0	+0	+0	+0	+0	+0	+0	+0	+0	+0	+0	+0	+0
ORTHOMCL4139	+0	+0	+0	+0	+0	+0	+0	+0	+0	+0	+0	+0	+0	+1	+0	+0	+0	+0	+0	+0	+0
ORTHOMCL4147	+0	+0	+0	+0	+0	+0	+0	+0	+0	+0	+0	+0	+0	+0	+0	+1	+0	+0	+0	+0	+0
ORTHOMCL4165	+0	+1	+0	+0	+0	+0	+0	+0	+0	+0	+0	+0	+0	+0	+0	+0	+0	+0	+0	+0	+0
ORTHOMCL4219	+0	+0	+0	+0	+0	+0	+0	+0	+0	+0	+0	+0	+0	+0	+0	+0	+1	+0	+0	+0	+0
ORTHOMCL4232	+0	+0	+0	+0	+0	+0	+1	+0	+0	+0	+0	+0	-1	+0	+0	+0	+0	+0	+0	+0	+0
ORTHOMCL4233	+0	+0	+0	+0	+0	+1	+0	+0	+0	+0	+0	+0	+0	+0	+0	+0	+0	+0	+0	+0	+0
ORTHOMCL4246	+0	+0	+0	+0	+0	+0	+0	+0	+0	+0	+0	+0	+0	+0	+0	+1	+0	+0	+0	+0	+0
ORTHOMCL4309	+0	+0	+0	+0	+0	+0	+0	+0	+0	+0	+0	+0	+0	+1	+0	+0	+0	+0	+0	+0	+0
ORTHOMCL4334	+0	+0	+0	+0	+0	+0	+0	+0	+0	+0	+0	+0	+0	+0	+0	+1	+0	+0	+0	+0	+0
ORTHOMCL4336	+0	+1	+0	+0	+0	+0	+0	+0	+0	+0	+0	+0	+0	+0	+0	+0	+0	+0	+0	+0	+0
ORTHOMCL4359	+0	+0	+0	+0	+0	+0	+0	+0	+0	+1	+0	+0	+0	+0	+0	+0	+0	+0	+0	+0	+0
ORTHOMCL4376	+0	+0	+0	+0	+0	+1	+0	+0	+0	+0	+0	+0	+0	+0	+0	+0	+0	+0	+0	+0	+0
ORTHOMCL4441	+0	+0	+0	+0	+0	+0	+0	+0	+0	+0	+0	+0	+0	+0	+0	+0	+0	+0	+0	+0	+0
ORTHOMCL4449	+0	+0	+0	+0	+0	+0	+0	+0	+0	+0	+0	+0	+0	+0	+0	+0	+0	+0	+0	+0	+0
ORTHOMCL4484	+0	+0	+0	+0	+0	+0	+0	+0	+0	+0	+0	+0	+0	+0	+0	+0	+0	+0	+0	+0	+0
ORTHOMCL4596	+0	+0	+0	+0	+0	+0	+0	+0	+0	+0	+0	+0	+0	+0	+0	+0	+0	+0	+0	+0	+0
ORTHOMCL4610	+0	+0	+0	+0	+0	+0	+0	+0	+0	+0	+0	+0	+0	+0	+0	+0	+0	+0	+0	+0	+0
ORTHOMCL4616	+0	+0	+0	+0	+0	+0	+0	+0	+0	+0	+0	+0	+0	+0	+0	+0	+0	+0	+0	+0	+0
ORTHOMCL4627	+0	+0	+0	+0	+0	+0	+0	+0	+0	+0	+0	+0	+0	+0	+0	+0	+0	+0	+0	+0	+0
ORTHOMCL4700	+0	+0	+0	+0	+0	+0	+0	+0	+0	+0	+0	+0	+0	+0	+0	+0	+0	+0	+0	+0	+0
ORTHOMCL4722	+0	+0	+0	+0	+0	+0	+0	+0	+0	+0	+0	+0	+0	+0	+0	+0	+0	+0	+0	+0	+0
ORTHOMCL4740	+0	+0	+0	+0	+0	+0	+0	+0	+0	+0	+0	+0	+0	+0	+0	+0	+0	+0	+0	+0	+0
ORTHOMCL4857	+0	+0	+0	+0	+0	+0	+0	+0	+0	+1	+0	-1	+0	+0	+0	-1	+1	+0	+0	+0	+0
ORTHOMCL4870	+0	+0	+0	+0	+0	+0	+0	+0	+0	+0	+0	+0	+0	+0	+0	+0	+0	+0	+0	+0	+0
ORTHOMCL4874	+0	+0	+0	+0	+0	+0	+0	+0	+0	+0	+0	+0	+0	+0	+0	+0	+0	+0	+0	+0	+0
ORTHOMCL4923	+0	+0	+0	+0	+0	+0	+0	+0	+0	+0	+0	+0	+0	+0	+0	+0	+0	+0	+0	+0	+0
ORTHOMCL4943	+0	+0	+0	+0	+0	+0	+0	+0	+0	+0	+0	+0	+0	+0	+0	+0	+0	+0	+0	+0	+0
ORTHOMCL4960	+0	+0	+0	+0	+0	+0	+0	+0	+0	+0	+0	+0	+0	+0	+0	+0	+0	+0	+0	+0	+0
ORTHOMCL4973	+0	+0	+0	+0	+0	+0	+0	+0	+0	+0	+0	+0	+0	+0	+0	+0	+0	+0	+0	+0	+0
ORTHOMCL4977	+0	+0	+0	+0	+0	+0	+0	+0	+0	+0	+0	+0	+0	+0	+0	+0	+0	+0	+0	+0	+0
ORTHOMCL5155	+0	+0	+0	+0	+0	+0	+0	+0	+0	+0	+0	+0	+0	+0	+0	+0	+0	+0	+0	+0	+0
ORTHOMCL5189	+0	+0	+0	+0	+0	+0	+0	+0	+0	+0	+0	+0	+0	+0	+0	+0	+0	+0	+0	+0	+0
ORTHOMCL5241	+0	+0	+0	+0	+0	+0	+0	+0	+0	+0	+0	+0	+0	+0	+0	+0	+0	+0	+0	+0	+0
ORTHOMCL5281	+0	+0	+0	+0	+0	+0	+0	+0	+0	+0	+0	+0	+0	+0	+0	+0	+0	+0	+0	+0	+0
ORTHOMCL5295	+0	+0	+0	+0	+0	+0	+0	+0	+0	+0	+0	+0	+0	+0	+0	+0	+0	+0	+0	+0	+0
ORTHOMCL5322	+0	+0	+0	+0	+0	+0	+0	+0	+0	+0	+0	+0	+0	+0	+0	+0	+0	+0	+0	+0	+0
ORTHOMCL5334	+0	+0	+0	+0	+0	+0	+0	+0	+0	+0	+0	+0	+0	+0	+0	+0	+0	+0	+0	+0	+0
ORTHOMCL5489	+0	+0	+0	+0	+0	+0	+0	+0	+0	+0	+0	+0	+0	+0	+0	+0	+0	+0	+0	+0	+0
ORTHOMCL5549	+0	+0	+0	+0	+0	+0	+0	+0	+0	+0	+0	+0	+0	+0	+0	+0	+0	+0	+0	+0	+0
ORTHOMCL5676	+0	+0	+0	+0	+0	+0	+0	+0	+0	+0	+0	+0	+0	+0	+0	+0	+0	+0	+0	+0	+0
ORTHOMCL5682	+0	+0	+0	+0	+0	+0	+0	+0	+0	+0	+0	+0	+0	+0	+0	+0	+0	+0	+0	+0	+0
ORTHOMCL5684	+0	+0	+0	+0	+0	+0	+0	+0	+0	+0	+0	+0	+0	+0	+0	+0	+0	+0	+0	+0	+0
ORTHOMCL5783	+0	+0	+0	+0	+0	+0	+0	+0	+0	+0	+0	+0	+0	+0	+0	+0	+0	+0	+0	+0	+0
ORTHOMCL5828	+0	+0	+0	+0	+0	+0	+0	+0	+0	+0	+0	+0	+0	+0	+0	+0	+0	+0	+0	+0	+0
ORTHOMCL5856	+0	+0	+0	+0	+0	+0	+0	+0	+0	+0	+0	+0	+0	+0	+0	+0	+0	+0	+0	+0	+0
ORTHOMCL5858	+0	+0	+0	+0	+0	+0	+0	+0	+0	+0	+0	+0	+0	+0	+0	+0	+0	+0	+0	+0	+0
ORTHOMCL5869	+0	+0	+0	+0	+0	+0	+0	+0	+0	+0	+0	+0	+0	+0	+0	+0	+0	+0	+0	+0	+0
ORTHOMCL5887	+0	+0	+0	+0	+0	+0	+0	+0	+0	+0	+0	+0	+0	+0	+0	+0	+0	+0	+0	+0	+0
ORTHOMCL5912	+0	+0	+0	+0	+0	+0	+0	+0	+0	+0	+0	+0	+0	+0	+0	+0	+0	+0	+0	+0	+0
ORTHOMCL5953	+0	+0	+0	+0	+0	+0	+0	+0	+0	+0	+0	+0	+0	+0	+0	+0	+0	+0	+0	+0	+0
ORTHOMCL5983	+0	+0	+0	+0	+0	+0	+0	+0	+0	+0	+0	+0	+0	+0	+0	+0	+0	+0	+0	+0	+0
ORTHOMCL6017	+0	+0	+0	+0	+0	+0	+0	+0	+0	+0	+0	+0	+0	+0	+0	+0	+0	+0	+0	+0	+0
ORTHOMCL6025	+0	+0	+0	+0	+0	+0	+0	+0	+0	+0	+0	+0	+0	+0	+0	+0	+0	+0	+0	+0	+0
ORTHOMCL6083	+0	+0	+0	+0	+0	+0	+0	+0	+0	+0	+0	+0	+0	+0	+0	+0	+0	+0	+0	+0	+0
ORTHOMCL6111	+0	+0	+0	+0	+0	+0	+0	+0	+0	+0	+0	+0	+0	+0	+0	+0	+0	+0	+0	+0	+0
ORTHOMCL6256	+0	+0	+0	+0	+0	+0	+0	+0	+0	+0	+0	+0	+0	+0	+0	+0	+0	+0	+0	+0	+0
ORTHOMCL6260	+0	+0	+0	+0	+0	+0	+0	+0	+0	+0	+0	+0	+0	+0	+0	+0	+0	+0	+0	+0	+0
ORTHOMCL6342	+0	+0	+0	+0	+0	+0	+0	+0	+0	+0	+0	+0	+0	+0	+0	+0	+0	+0	+0	+0	+0
ORTHOMCL6371	+0	+0	+0	+0	+0	+0	+0	+0	+0	+0	+0	+0	+0	+0	+0	+0	+0	+0	+0	+0	+0
ORTHOMCL6389	+0	+0	+0	+0	+0	+0	+0	+0	+0	+0	+0	+1	+0	+0	+0	-1	+0	+0	+0	+0	+0
ORTHOMCL6411	+0	+0	+0	+0	+0	+0	+0	+0	+0	+0	+0	+0	+0	+0	+0	+0	+0	+0	+0	+0	+0
ORTHOMCL6456	+0	+0	+0	+0	+0	+0	+0	+0	+0	+0	+0	+0	+0	+0	+0	+0	+0	+0	+0	+0	+0
ORTHOMCL6504	+0	+0	+0	+0	+0	+0	+0	+0	+0	+0	+0	+0	+0	+0	+0	+0	+0	+0	+0	+0	+0
ORTHOMCL6506	+0	+0	+0	+0	+0	+0	+0	+0	+0	+0	+0	+0	+0	+0	+0	+0	+0	+0	+0	+0	+0
ORTHOMCL6514	+0	+0	+0	+0	+0	+0	+0	+0	+0	+0	+0	+0	+0	+0	+0	+0	+0	+0	+0	+0	+0
ORTHOMCL6520	+0	+0	+0	+0	+0	+0	+0	+0	+0	+0	+0	+0	+0	+0	+0	+0	+0	+0	+0	+0	+0
ORTHOMCL6552	+0	+0	+0	+0	+0	+0	+0	+0	+0	+0	+0	+0	+0	+0	+0	+0	+0	+0	+0	+0	+0
ORTHOMCL6562	+0	+0	+0	+0	+0	+0	+0	+0	+0	+0	+0	+0	+0	+0	+0	+0	+0	+0	+0	+0	+0
ORTHOMCL6624	+0	+0	+0	+0	+0	+0	+0	+0	+0	-1	+0	+0	+0	+0	+0	+0	+1	+0	+0	+0	+0
ORTHOMCL6627	-1	+0	+0	+1	+0	+0	+0	+0	+0	+0	+0	+0	+0	+0	+0	+0	+0	+0	+0	+0	+0
ORTHOMCL6668	+0	+0	+0	+0	+0	+0	+0	+0	+0	+0	+0	+0	+0	+0	+0	+0	+0	+0	+0	+0	+0
ORTHOMCL6691	+0	+0	+0	+0	+0	+0	+0	+0	+0	+0	+0	+0	+0	+0	+0	+0	+0	+0	+0	+0	+0
ORTHOMCL6703	+0	+0	+0	+0	+0	+0	+0	+0	+0	+0	+0	+0	+0	+0	+0	+0	+0	+0	+0	+0	+0
ORTHOMCL6739	+0	+0	+0	+0	+0	+0	+0	+0	+0	+0	+0	+0	+0	+0	+0	+0	+0	+0	+0	+0	+0
ORTHOMCL6927	+0	+0	+0	+0	+0	+0	+0	+0	+0	+0	+0	+0	+0	+0	+0	+0	+0	+0	+0	+0	+0
ORTHOMCL6929	+0	+0	+0	+0	+0	+0	+0	+0	+0	+0	+0	+0	+0	+0	+0	+0	+0	+0	+0	+0	+0
ORTHOMCL6992	+0	+0	+0	+0	+0	+0	+0	+0	+0	+0	+0	+0	+0	+0	+0	+0	+0	+0	+0	+0	+0
ORTHOMCL6997	+0	+0	+0	+0	+0	+0	+0	+0	+0	+0	+0	+0	+0	+0	+0	+0	+0	+0	+0	+0	+0
ORTHOMCL7012	+0	+0	+0	+0	+0	+0	+0	+0	+0	+0	+0	+0	+0	+0	+0	+0	+0	+0	+0	+0	+0
ORTHOMCL7019	+0	+0	+0	+0	+0	+0	+0	+0	+0	+0	+0	+0	+0	+0	+0	+0	+0	+0	+0	+0	+0
ORTHOMCL7049	+0	+0	+0	+0	+0	+0	+0	+0	+0	+0	+0	+0	+0	+0	+0	+0	+0	+0	+0	+0	+0
ORTHOMCL7056	+0	+0	+0	+0	+0	+0	+0	+0	+0	+0	+0	+0	+0	+0	+0	+0	+0	+0	+0	+0	+0
ORTHOMCL7125	+0	+0	+0	+0	+0	+0	+0	+0	+0	+0	+0	+0	+0	+0	+0	+0	+0	+0	+0	+0	+0
ORTHOMCL7131	+0	+0	+0	+0	+0	+0	+0	+0	+0	+0	+0	+0	+0	+0	+0	+0	+0	+0	+0	+0	+0
ORTHOMCL7172	+0	+0	+0	+0	+0	+0	+0	+0	+0	+0	+0	+0	+0	+0	+0	+0	+0	+0	+0	+0	+0
ORTHOMCL7228	+0	+0	+0	+0	+0	+0	+0	+0	+0	+0	+0	+0	+0	+0	+0	+0	+0	+0	+0	+0	+0
ORTHOMCL7295	+0	+0	+0	+0	+0	+0	+0	+0	+0	+0	+0	+0	+0	+0	+0	+0	+0	+0	+0	+0	+0
ORTHOMCL7348	+0	+0	+0	+0	+0	+0	+0	+0	+0	+0	+0	+0	-1	+0	+0	+0	+1	+0	+0	+0	+0
ORTHOMCL7356	+0	+0	+0	+0	+0	+0	+0	+0	+0	+0	+0	+0	+0	+0	+0	+0	+0	+0	+0	+0	+0
ORTHOMCL7528	+0	+0	+0	+0	+0	+0	+0	+0	+0	+0	+0	+0	+0	+0	+0	+0	+0	+0	+0	+0	+0
ORTHOMCL7588	+0	+0	+0	+0	+0	+0	+0	+0	+0	+0	+0	+0	+0	+0	+0	+0	+0	+0	+0	+0	+0
ORTHOMCL7695	+0	+0	+0	+0	+0	+0	+0	+0	+0	+0	+0	+0	+0	+0	+0	+1	-1	+0	+0	+0	+0
ORTHOMCL7704	+0	+0	+0	+0	+0	+0	+0	+0	+0	+0	+0	+0	+0	+0	+0	+0	+0	+0	+0	+0	+0
ORTHOMCL7712	+0	+0	+0	+0	+0	+0	+0	+0	+0	+0	+0	+0	+0	+0	+0	+0	+0	+0	+0	+0	+0
ORTHOMCL7807	+0	+0	+0	+0	+0	+0	+0	+0	+0	+0	+0	+0	+0	+0	+0	+0	+0	+0	+0	+0	+0
ORTHOMCL7817	+0	+0	+0	+0	+0	+0	+0	+0	+0	+0	+0	+0	+0	+0	+0	+0	+0	+0	+0	+0	+0
ORTHOMCL7829	+0	+0	+0	+0	+0	+0	+0	+0	+0	+0	+0	+0	+0	+0	+0	+0	+0	+0	+0	+0	+0
ORTHOMCL7962	+0	+0	+0	+0	+0	+0	+0	+0	+0	-1	+0	+0	+0	+0	+0	+0	+0	+0	+0	+0	+0
ORTHOMCL8024	+0	-1	+0	+0	+0	+0	+0	+0	+0	+0	+0	+0	+0	+0	+0	+0	+0	+0	+0	+0	+0
ORTHOMCL8216	+0	+0	+0	+0	+0	+0	+0	+0	+0	+0	+0	+0	-1	+0	+0	+0	+0	+0	+0	+0	+0
ORTHOMCL8284	+0	+0	+0	+0	+0	+0	+0	+0	+0	+0	+0	+0	-1	+0	+0	+0	+0	+0	+0	+0	+0
ORTHOMCL8293	+0	+0	+0	+0	+0	+0	+0	+0	+0	+0	+0	+0	-1	+0	+0	+0	+0	+0	+0	+0	+0
ORTHOMCL8479	+0	+0	+0	+0	-1	+0	+0	+0	+0	+0	+0	+0	+1	+0	+0	+0	+0	+0	+0	+0	+0
ORTHOMCL8605	+0	-1	+0	+0	+0	+0	+0	+0	+0	+0	+0	+0	+0	+0	+0	-1	+0	+0	+0	+0	+0
ORTHOMCL8790	+0	+0	+0	-1	+0	-1	+0	+0	+0	+0	+0	+0	+0	+0	+0	+0	+0	+0	+0	+0	+0
ORTHOMCL8926	+0	+0	+0	+0	+0	-1	+0	+0	+0	+0	+0	+0	+0	+0	+0	-1	-1	+0	+0	+0	+0
