FamilyID	Bimp<0>	Bter<1>	Amel<2>	Aflo<3>	<4>	Mqua<5>	<6>	<7>	<8>	Emex<9>	<10>	Hlab<11>	Lalb<12>	Dnov<13>	<14>	Ccal<15>	Mrot<16>	<17>	<18>	<19>	<20>
ORTHOMCL1	21	21	14	18	21	19	16	18	16	14	16	15	17	15	16	16	18	16	16	16	16
ORTHOMCL9	8	8	7	7	8	7	7	7	7	7	7	8	7	6	7	7	8	7	7	7	7
ORTHOMCL15	6	5	5	5	6	3	5	6	6	7	6	5	4	4	6	7	14	5	6	6	6
ORTHOMCL21	4	6	4	3	5	5	4	5	5	5	5	5	5	7	5	5	4	5	5	5	5
ORTHOMCL36	6	5	5	5	5	3	5	4	4	4	4	3	4	4	4	3	4	4	4	4	4
ORTHOMCL44	6	6	1	7	6	1	5	5	5	5	5	6	1	2	5	7	1	2	5	3	4
ORTHOMCL49	2	3	2	2	3	1	2	3	3	8	4	7	4	3	4	9	1	4	4	4	4
ORTHOMCL60	4	4	3	3	4	3	3	4	4	4	4	3	4	4	4	4	3	4	4	4	4
ORTHOMCL188	5	4	1	1	4	1	1	2	2	3	2	1	1	1	2	1	8	1	2	2	2
ORTHOMCL213	3	4	2	4	3	1	2	2	2	2	2	2	3	3	2	1	1	3	2	2	2
ORTHOMCL226	3	2	2	3	2	2	2	2	2	2	2	2	1	3	2	2	4	2	2	2	2
ORTHOMCL233	2	2	2	2	2	2	2	2	2	2	2	2	2	2	2	5	2	2	2	2	2
ORTHOMCL237	5	4	1	2	4	1	2	2	2	1	2	2	1	3	2	2	3	2	2	2	2
ORTHOMCL327	3	4	1	1	3	1	1	2	2	2	2	1	1	1	2	2	7	1	2	2	2
ORTHOMCL394	2	2	2	2	2	2	2	2	2	2	2	2	2	3	2	2	2	2	2	2	2
ORTHOMCL462	3	3	1	2	3	1	2	2	2	2	2	5	1	1	2	2	1	1	2	1	2
ORTHOMCL499	3	4	1	1	3	1	1	2	2	2	2	3	1	3	2	2	1	2	2	2	2
ORTHOMCL500	3	4	1	1	3	1	1	2	2	2	2	2	1	1	2	1	5	1	2	2	2
ORTHOMCL559	4	4	1	3	4	1	2	2	2	3	2	1	1	1	1	1	1	1	1	1	1
ORTHOMCL595	1	1	1	2	1	2	2	2	2	2	2	2	2	2	2	2	3	2	2	2	2
ORTHOMCL607	2	2	1	3	2	1	2	2	2	3	2	1	1	1	2	1	4	1	2	2	2
ORTHOMCL638	5	6	1	1	5	1	1	1	1	1	1	1	1	1	1	1	1	1	1	1	1
ORTHOMCL680	2	1	1	3	1	1	1	1	1	1	1	0	1	1	1	1	7	1	1	1	1
ORTHOMCL684	1	1	1	1	1	1	1	1	1	1	1	1	1	2	1	1	8	2	1	2	2
ORTHOMCL694	3	6	1	1	3	1	1	1	1	1	1	1	1	1	1	2	1	1	1	1	1
ORTHOMCL715	1	1	1	7	1	1	1	1	1	1	1	2	1	2	1	1	1	1	1	1	1
ORTHOMCL734	4	4	1	3	4	1	1	1	1	1	1	1	1	1	1	1	1	1	1	1	1
ORTHOMCL780	2	2	1	1	2	1	1	2	2	5	2	3	1	1	2	1	1	1	1	1	1
ORTHOMCL802	1	1	1	2	1	2	2	2	2	3	2	2	2	1	2	2	1	2	2	2	2
ORTHOMCL880	5	1	1	1	1	1	1	1	1	1	1	3	1	1	1	2	1	1	1	1	1
ORTHOMCL882	2	3	1	1	2	2	1	2	2	1	2	1	2	2	2	1	2	2	2	2	2
ORTHOMCL887	4	4	1	1	4	1	1	1	1	1	1	1	0	1	1	3	1	1	1	1	1
ORTHOMCL890	2	1	2	2	2	1	2	2	2	2	2	1	2	1	2	2	2	2	2	2	2
ORTHOMCL921	1	1	1	1	1	1	1	1	1	1	1	1	1	1	1	1	7	1	1	1	1
ORTHOMCL935	3	4	1	1	3	0	1	1	1	4	1	1	0	1	1	1	1	1	1	1	1
ORTHOMCL953	2	2	1	2	2	1	2	2	2	2	2	1	1	1	2	2	2	1	2	2	2
ORTHOMCL970	1	1	1	1	1	1	1	1	1	1	1	1	1	1	1	7	1	1	1	1	1
ORTHOMCL993	3	2	1	1	2	1	1	1	1	1	1	1	1	1	1	4	1	1	1	1	1
ORTHOMCL1018	2	3	1	1	2	1	1	2	2	2	2	1	1	1	2	2	2	1	2	2	2
ORTHOMCL1026	1	1	1	1	1	1	1	1	1	2	2	2	2	2	2	3	1	2	2	2	2
ORTHOMCL1071	1	2	1	1	2	2	1	2	2	1	2	2	2	3	2	1	1	2	2	2	2
ORTHOMCL1089	3	2	1	1	2	1	1	1	1	1	1	2	1	1	1	3	1	1	1	1	1
ORTHOMCL1129	2	4	1	1	2	1	1	1	1	1	1	1	1	1	1	2	1	1	1	1	1
ORTHOMCL1229	2	1	1	1	1	1	1	1	1	2	1	1	1	1	1	1	4	1	1	1	1
ORTHOMCL1236	2	2	1	1	2	1	1	2	2	2	2	1	1	1	2	2	2	1	2	2	2
ORTHOMCL1247	1	3	1	1	1	1	1	1	1	1	1	1	1	2	1	1	3	1	1	1	1
ORTHOMCL1256	2	2	1	1	2	1	1	1	1	1	1	1	1	1	1	2	3	1	1	1	1
ORTHOMCL1291	3	3	1	1	3	1	1	1	1	1	1	1	1	1	1	1	2	1	1	1	1
ORTHOMCL1294	3	2	1	1	2	1	1	1	1	1	1	1	1	1	1	1	3	1	1	1	1
ORTHOMCL1301	1	1	1	1	1	1	1	1	1	1	1	1	1	1	1	1	6	1	1	1	1
ORTHOMCL1362	1	1	1	2	1	2	1	1	1	2	1	1	1	1	1	2	1	1	1	1	1
ORTHOMCL1436	1	1	1	1	1	1	1	1	1	1	1	1	1	1	1	5	1	1	1	1	1
ORTHOMCL1440	2	2	1	2	2	1	1	1	1	1	1	1	1	1	1	2	1	1	1	1	1
ORTHOMCL1492	4	1	1	1	1	1	1	1	1	1	1	1	1	1	1	2	1	1	1	1	1
ORTHOMCL1506	2	2	1	2	2	1	1	1	1	1	1	2	1	1	1	1	1	1	1	1	1
ORTHOMCL1517	2	2	1	2	2	1	1	1	1	1	1	1	1	1	1	2	1	1	1	1	1
ORTHOMCL1590	3	3	1	1	3	1	1	1	1	1	1	1	1	0	1	2	1	1	1	1	1
ORTHOMCL1734	1	1	1	1	1	1	1	1	1	1	1	1	1	1	1	1	4	1	1	1	1
ORTHOMCL1802	1	1	1	2	1	1	1	1	1	1	1	1	1	1	1	3	1	1	1	1	1
ORTHOMCL1844	1	1	1	1	1	1	1	1	1	1	1	1	1	2	1	3	1	1	1	1	1
ORTHOMCL1855	1	3	1	2	1	1	1	1	1	1	1	1	1	1	1	1	1	1	1	1	1
ORTHOMCL1873	2	2	1	1	2	1	1	1	1	1	1	1	1	1	1	1	2	1	1	1	1
ORTHOMCL1904	1	1	1	2	1	1	1	1	1	1	1	1	1	1	1	2	2	1	1	1	1
ORTHOMCL1993	2	2	1	1	2	1	1	1	1	1	1	1	1	1	1	2	1	1	1	1	1
ORTHOMCL2050	1	1	1	2	1	1	1	1	1	2	1	1	1	1	1	1	2	1	1	1	1
ORTHOMCL2075	2	1	1	2	1	1	1	1	1	1	1	1	1	1	1	2	1	1	1	1	1
ORTHOMCL2076	2	2	1	2	2	1	1	1	1	1	1	1	1	1	1	1	1	1	1	1	1
ORTHOMCL2084	1	2	1	2	1	1	1	1	1	1	1	1	0	1	1	3	1	1	1	1	1
ORTHOMCL2150	1	1	1	1	1	1	1	1	1	1	1	1	1	1	1	1	4	1	1	1	1
ORTHOMCL2167	2	2	1	1	2	1	1	1	1	1	1	1	1	1	1	2	1	1	1	1	1
ORTHOMCL2212	1	1	1	2	1	1	1	1	1	2	1	1	1	1	1	1	1	1	1	1	1
ORTHOMCL2323	1	1	1	1	1	1	1	1	1	1	1	1	1	2	1	2	1	1	1	1	1
ORTHOMCL2359	1	1	1	1	1	1	1	1	1	1	1	1	1	1	1	2	2	1	1	1	1
ORTHOMCL2367	1	1	1	2	1	1	1	1	1	1	1	1	1	2	1	1	1	1	1	1	1
ORTHOMCL2440	1	2	1	2	1	1	1	1	1	1	1	1	1	1	1	1	1	1	1	1	1
ORTHOMCL2506	2	1	1	2	1	1	1	1	1	1	1	1	1	1	1	1	1	1	1	1	1
ORTHOMCL2596	1	1	1	2	1	1	1	1	1	2	1	1	1	1	1	1	1	1	1	1	1
ORTHOMCL2644	2	1	1	1	1	1	1	1	1	1	1	1	1	1	1	1	2	1	1	1	1
ORTHOMCL2649	1	1	1	2	1	1	1	1	1	1	1	1	1	1	1	2	1	1	1	1	1
ORTHOMCL2698	1	1	1	3	1	1	1	1	1	1	1	1	1	1	1	1	1	1	1	1	1
ORTHOMCL2702	1	1	1	1	1	1	1	1	1	1	1	1	1	1	1	1	3	1	1	1	1
ORTHOMCL2719	1	1	1	1	1	1	1	1	1	1	1	1	1	1	1	3	1	1	1	1	1
ORTHOMCL2722	1	1	1	1	1	2	1	1	1	1	1	1	1	1	1	2	1	1	1	1	1
ORTHOMCL2742	2	2	1	1	2	1	1	1	1	1	1	1	1	1	1	1	1	1	1	1	1
ORTHOMCL2768	1	1	1	1	1	1	1	1	1	1	1	1	1	1	1	2	2	1	1	1	1
ORTHOMCL2820	1	1	1	1	1	1	1	1	1	2	1	1	1	1	1	2	1	1	1	1	1
ORTHOMCL2860	2	1	1	1	1	1	1	1	1	1	1	1	1	1	1	1	2	1	1	1	1
ORTHOMCL2875	2	2	1	1	2	1	1	1	1	1	1	1	1	1	1	1	1	1	1	1	1
ORTHOMCL2879	1	1	1	1	1	1	1	1	1	1	1	1	1	1	1	1	3	1	1	1	1
ORTHOMCL2907	1	1	1	1	1	1	1	1	1	1	1	1	1	1	1	1	3	1	1	1	1
ORTHOMCL2960	1	1	1	1	1	1	1	1	1	2	1	1	1	1	1	2	1	1	1	1	1
ORTHOMCL2961	1	1	1	1	1	1	1	1	1	1	1	1	1	1	1	1	3	1	1	1	1
ORTHOMCL2985	1	0	1	3	1	1	1	1	1	1	1	1	2	0	1	1	1	1	1	1	1
ORTHOMCL3063	2	1	1	1	1	1	1	1	1	1	1	1	1	1	1	1	1	1	1	1	1
ORTHOMCL3115	1	1	1	1	1	1	1	1	1	2	1	1	1	1	1	1	1	1	1	1	1
ORTHOMCL3144	1	2	1	1	1	1	1	1	1	1	1	1	1	1	1	1	1	1	1	1	1
ORTHOMCL3197	1	1	1	1	1	1	1	1	1	1	1	1	1	1	1	2	1	1	1	1	1
ORTHOMCL3237	1	1	1	1	1	2	1	1	1	2	1	1	1	1	1	0	1	1	1	1	1
ORTHOMCL3260	1	1	1	1	1	1	1	1	1	1	1	1	2	1	1	1	1	1	1	1	1
ORTHOMCL3280	1	1	1	1	1	1	1	1	1	1	1	1	1	1	1	2	1	1	1	1	1
ORTHOMCL3357	2	1	1	1	1	1	1	1	1	1	1	1	1	1	1	1	1	1	1	1	1
ORTHOMCL3361	1	1	1	1	1	1	1	1	1	1	1	1	1	2	1	1	1	1	1	1	1
ORTHOMCL3366	1	1	1	2	1	1	1	1	1	1	1	1	1	1	1	1	1	1	1	1	1
ORTHOMCL3410	1	1	1	1	1	1	1	1	1	1	1	1	2	1	1	1	1	1	1	1	1
ORTHOMCL3446	1	1	1	1	1	1	1	1	1	1	1	1	1	2	1	1	1	1	1	1	1
ORTHOMCL3490	1	1	1	1	1	1	1	1	1	1	1	1	1	2	1	1	1	1	1	1	1
ORTHOMCL3556	2	1	1	1	1	1	1	1	1	1	1	1	1	1	1	1	1	1	1	1	1
ORTHOMCL3613	1	1	1	1	1	1	1	1	1	2	1	1	1	1	1	1	1	1	1	1	1
ORTHOMCL3619	1	1	1	2	1	1	1	1	1	1	1	1	1	1	1	1	1	1	1	1	1
ORTHOMCL3648	0	0	1	1	0	1	1	1	1	1	1	1	1	1	1	1	4	1	1	1	1
ORTHOMCL3651	1	1	1	1	1	1	1	1	1	1	1	1	1	1	1	2	1	1	1	1	1
ORTHOMCL3656	1	1	1	1	1	1	1	1	1	1	1	1	1	1	1	1	2	1	1	1	1
ORTHOMCL3761	1	1	1	1	1	1	1	1	1	1	1	1	1	2	1	1	1	1	1	1	1
ORTHOMCL3763	1	1	1	1	1	1	1	1	1	1	1	1	2	1	1	1	1	1	1	1	1
ORTHOMCL3939	1	1	1	1	1	1	1	1	1	1	1	1	1	1	1	2	1	1	1	1	1
ORTHOMCL3972	1	1	1	1	1	1	1	1	1	1	1	1	1	1	1	2	1	1	1	1	1
ORTHOMCL4002	1	2	1	1	1	1	1	1	1	1	1	1	1	1	1	1	1	1	1	1	1
ORTHOMCL4003	1	1	1	1	1	1	1	1	1	1	1	1	2	1	1	1	1	1	1	1	1
ORTHOMCL4131	1	1	1	1	1	1	1	1	1	1	1	1	1	2	1	1	1	1	1	1	1
ORTHOMCL4135	1	2	1	1	1	1	1	1	1	1	1	1	1	1	1	1	1	1	1	1	1
ORTHOMCL4139	1	1	1	1	1	1	1	1	1	1	1	1	1	2	1	1	1	1	1	1	1
ORTHOMCL4147	1	1	1	1	1	1	1	1	1	1	1	1	1	1	1	2	1	1	1	1	1
ORTHOMCL4165	1	2	1	1	1	1	1	1	1	1	1	1	1	1	1	1	1	1	1	1	1
ORTHOMCL4219	1	1	1	1	1	1	1	1	1	1	1	1	1	1	1	1	2	1	1	1	1
ORTHOMCL4232	1	1	2	2	1	1	2	1	1	1	1	1	0	1	1	1	1	1	1	1	1
ORTHOMCL4233	1	1	1	1	1	2	1	1	1	1	1	1	1	1	1	1	1	1	1	1	1
ORTHOMCL4246	1	1	1	1	1	1	1	1	1	1	1	1	1	1	1	2	1	1	1	1	1
ORTHOMCL4309	1	1	1	1	1	1	1	1	1	1	1	1	1	2	1	1	1	1	1	1	1
ORTHOMCL4334	1	1	1	1	1	1	1	1	1	1	1	1	1	1	1	2	1	1	1	1	1
ORTHOMCL4336	1	2	1	1	1	1	1	1	1	1	1	1	1	1	1	1	1	1	1	1	1
ORTHOMCL4359	1	1	1	1	1	1	1	1	1	2	1	1	1	1	1	1	1	1	1	1	1
ORTHOMCL4376	1	1	1	1	1	2	1	1	1	1	1	1	1	1	1	1	1	1	1	1	1
ORTHOMCL4441	1	1	1	1	1	1	1	1	1	1	1	1	1	1	1	1	1	1	1	1	1
ORTHOMCL4449	1	1	1	1	1	1	1	1	1	1	1	1	1	1	1	1	1	1	1	1	1
ORTHOMCL4484	1	1	1	1	1	1	1	1	1	1	1	1	1	1	1	1	1	1	1	1	1
ORTHOMCL4596	1	1	1	1	1	1	1	1	1	1	1	1	1	1	1	1	1	1	1	1	1
ORTHOMCL4610	1	1	1	1	1	1	1	1	1	1	1	1	1	1	1	1	1	1	1	1	1
ORTHOMCL4616	1	1	1	1	1	1	1	1	1	1	1	1	1	1	1	1	1	1	1	1	1
ORTHOMCL4627	1	1	1	1	1	1	1	1	1	1	1	1	1	1	1	1	1	1	1	1	1
ORTHOMCL4700	1	1	1	1	1	1	1	1	1	1	1	1	1	1	1	1	1	1	1	1	1
ORTHOMCL4722	1	1	1	1	1	1	1	1	1	1	1	1	1	1	1	1	1	1	1	1	1
ORTHOMCL4740	1	1	1	1	1	1	1	1	1	1	1	1	1	1	1	1	1	1	1	1	1
ORTHOMCL4857	1	1	1	1	1	1	1	1	1	2	1	0	1	1	1	0	2	1	1	1	1
ORTHOMCL4870	1	1	1	1	1	1	1	1	1	1	1	1	1	1	1	1	1	1	1	1	1
ORTHOMCL4874	1	1	1	1	1	1	1	1	1	1	1	1	1	1	1	1	1	1	1	1	1
ORTHOMCL4923	1	1	1	1	1	1	1	1	1	1	1	1	1	1	1	1	1	1	1	1	1
ORTHOMCL4943	1	1	1	1	1	1	1	1	1	1	1	1	1	1	1	1	1	1	1	1	1
ORTHOMCL4960	1	1	1	1	1	1	1	1	1	1	1	1	1	1	1	1	1	1	1	1	1
ORTHOMCL4973	1	1	1	1	1	1	1	1	1	1	1	1	1	1	1	1	1	1	1	1	1
ORTHOMCL4977	1	1	1	1	1	1	1	1	1	1	1	1	1	1	1	1	1	1	1	1	1
ORTHOMCL5155	1	1	1	1	1	1	1	1	1	1	1	1	1	1	1	1	1	1	1	1	1
ORTHOMCL5189	1	1	1	1	1	1	1	1	1	1	1	1	1	1	1	1	1	1	1	1	1
ORTHOMCL5241	1	1	1	1	1	1	1	1	1	1	1	1	1	1	1	1	1	1	1	1	1
ORTHOMCL5281	1	1	1	1	1	1	1	1	1	1	1	1	1	1	1	1	1	1	1	1	1
ORTHOMCL5295	1	1	1	1	1	1	1	1	1	1	1	1	1	1	1	1	1	1	1	1	1
ORTHOMCL5322	1	1	1	1	1	1	1	1	1	1	1	1	1	1	1	1	1	1	1	1	1
ORTHOMCL5334	1	1	1	1	1	1	1	1	1	1	1	1	1	1	1	1	1	1	1	1	1
ORTHOMCL5489	1	1	1	1	1	1	1	1	1	1	1	1	1	1	1	1	1	1	1	1	1
ORTHOMCL5549	1	1	1	1	1	1	1	1	1	1	1	1	1	1	1	1	1	1	1	1	1
ORTHOMCL5676	1	1	1	1	1	1	1	1	1	1	1	1	1	1	1	1	1	1	1	1	1
ORTHOMCL5682	1	1	1	1	1	1	1	1	1	1	1	1	1	1	1	1	1	1	1	1	1
ORTHOMCL5684	1	1	1	1	1	1	1	1	1	1	1	1	1	1	1	1	1	1	1	1	1
ORTHOMCL5783	1	1	1	1	1	1	1	1	1	1	1	1	1	1	1	1	1	1	1	1	1
ORTHOMCL5828	1	1	1	1	1	1	1	1	1	1	1	1	1	1	1	1	1	1	1	1	1
ORTHOMCL5856	1	1	1	1	1	1	1	1	1	1	1	1	1	1	1	1	1	1	1	1	1
ORTHOMCL5858	1	1	1	1	1	1	1	1	1	1	1	1	1	1	1	1	1	1	1	1	1
ORTHOMCL5869	1	1	1	1	1	1	1	1	1	1	1	1	1	1	1	1	1	1	1	1	1
ORTHOMCL5887	1	1	1	1	1	1	1	1	1	1	1	1	1	1	1	1	1	1	1	1	1
ORTHOMCL5912	1	1	1	1	1	1	1	1	1	1	1	1	1	1	1	1	1	1	1	1	1
ORTHOMCL5953	1	1	1	1	1	1	1	1	1	1	1	1	1	1	1	1	1	1	1	1	1
ORTHOMCL5983	1	1	1	1	1	1	1	1	1	1	1	1	1	1	1	1	1	1	1	1	1
ORTHOMCL6017	1	1	1	1	1	1	1	1	1	1	1	1	1	1	1	1	1	1	1	1	1
ORTHOMCL6025	1	1	1	1	1	1	1	1	1	1	1	1	1	1	1	1	1	1	1	1	1
ORTHOMCL6083	1	1	1	1	1	1	1	1	1	1	1	1	1	1	1	1	1	1	1	1	1
ORTHOMCL6111	1	1	1	1	1	1	1	1	1	1	1	1	1	1	1	1	1	1	1	1	1
ORTHOMCL6256	1	1	1	1	1	1	1	1	1	1	1	1	1	1	1	1	1	1	1	1	1
ORTHOMCL6260	1	1	1	1	1	1	1	1	1	1	1	1	1	1	1	1	1	1	1	1	1
ORTHOMCL6342	1	1	1	1	1	1	1	1	1	1	1	1	1	1	1	1	1	1	1	1	1
ORTHOMCL6371	1	1	1	1	1	1	1	1	1	1	1	1	1	1	1	1	1	1	1	1	1
ORTHOMCL6389	1	1	1	1	1	1	1	1	1	1	1	2	1	1	1	0	1	1	1	1	1
ORTHOMCL6411	1	1	1	1	1	1	1	1	1	1	1	1	1	1	1	1	1	1	1	1	1
ORTHOMCL6456	1	1	1	1	1	1	1	1	1	1	1	1	1	1	1	1	1	1	1	1	1
ORTHOMCL6504	1	1	1	1	1	1	1	1	1	1	1	1	1	1	1	1	1	1	1	1	1
ORTHOMCL6506	1	1	1	1	1	1	1	1	1	1	1	1	1	1	1	1	1	1	1	1	1
ORTHOMCL6514	1	1	1	1	1	1	1	1	1	1	1	1	1	1	1	1	1	1	1	1	1
ORTHOMCL6520	1	1	1	1	1	1	1	1	1	1	1	1	1	1	1	1	1	1	1	1	1
ORTHOMCL6552	1	1	1	1	1	1	1	1	1	1	1	1	1	1	1	1	1	1	1	1	1
ORTHOMCL6562	1	1	1	1	1	1	1	1	1	1	1	1	1	1	1	1	1	1	1	1	1
ORTHOMCL6624	1	1	1	1	1	1	1	1	1	0	1	1	1	1	1	1	2	1	1	1	1
ORTHOMCL6627	0	1	1	2	1	1	1	1	1	1	1	1	1	1	1	1	1	1	1	1	1
ORTHOMCL6668	1	1	1	1	1	1	1	1	1	1	1	1	1	1	1	1	1	1	1	1	1
ORTHOMCL6691	1	1	1	1	1	1	1	1	1	1	1	1	1	1	1	1	1	1	1	1	1
ORTHOMCL6703	1	1	1	1	1	1	1	1	1	1	1	1	1	1	1	1	1	1	1	1	1
ORTHOMCL6739	1	1	1	1	1	1	1	1	1	1	1	1	1	1	1	1	1	1	1	1	1
ORTHOMCL6927	1	1	1	1	1	1	1	1	1	1	1	1	1	1	1	1	1	1	1	1	1
ORTHOMCL6929	1	1	1	1	1	1	1	1	1	1	1	1	1	1	1	1	1	1	1	1	1
ORTHOMCL6992	1	1	1	1	1	1	1	1	1	1	1	1	1	1	1	1	1	1	1	1	1
ORTHOMCL6997	1	1	1	1	1	1	1	1	1	1	1	1	1	1	1	1	1	1	1	1	1
ORTHOMCL7012	1	1	1	1	1	1	1	1	1	1	1	1	1	1	1	1	1	1	1	1	1
ORTHOMCL7019	1	1	1	1	1	1	1	1	1	1	1	1	1	1	1	1	1	1	1	1	1
ORTHOMCL7049	1	1	1	1	1	1	1	1	1	1	1	1	1	1	1	1	1	1	1	1	1
ORTHOMCL7056	1	1	1	1	1	1	1	1	1	1	1	1	1	1	1	1	1	1	1	1	1
ORTHOMCL7125	1	1	1	1	1	1	1	1	1	1	1	1	1	1	1	1	1	1	1	1	1
ORTHOMCL7131	1	1	1	1	1	1	1	1	1	1	1	1	1	1	1	1	1	1	1	1	1
ORTHOMCL7172	1	1	1	1	1	1	1	1	1	1	1	1	1	1	1	1	1	1	1	1	1
ORTHOMCL7228	1	1	1	1	1	1	1	1	1	1	1	1	1	1	1	1	1	1	1	1	1
ORTHOMCL7295	1	1	1	1	1	1	1	1	1	1	1	1	1	1	1	1	1	1	1	1	1
ORTHOMCL7348	1	1	1	1	1	1	1	1	1	1	1	1	0	1	1	1	2	1	1	1	1
ORTHOMCL7356	1	1	1	1	1	1	1	1	1	1	1	1	1	1	1	1	1	1	1	1	1
ORTHOMCL7528	1	1	1	1	1	1	1	1	1	1	1	1	1	1	1	1	1	1	1	1	1
ORTHOMCL7588	1	1	1	1	1	1	1	1	1	1	1	1	1	1	1	1	1	1	1	1	1
ORTHOMCL7695	1	1	1	1	1	1	1	1	1	1	1	1	1	1	1	2	0	1	1	1	1
ORTHOMCL7704	1	1	1	1	1	1	1	1	1	1	1	1	1	1	1	1	1	1	1	1	1
ORTHOMCL7712	1	1	1	1	1	1	1	1	1	1	1	1	1	1	1	1	1	1	1	1	1
ORTHOMCL7807	1	1	1	1	1	1	1	1	1	1	1	1	1	1	1	1	1	1	1	1	1
ORTHOMCL7817	1	1	1	1	1	1	1	1	1	1	1	1	1	1	1	1	1	1	1	1	1
ORTHOMCL7829	1	1	1	1	1	1	1	1	1	1	1	1	1	1	1	1	1	1	1	1	1
ORTHOMCL7962	1	1	1	1	1	1	1	1	1	0	1	1	1	1	1	1	1	1	1	1	1
ORTHOMCL8024	1	0	1	1	1	1	1	1	1	1	1	1	1	1	1	1	1	1	1	1	1
ORTHOMCL8216	1	1	1	1	1	1	1	1	1	1	1	1	0	1	1	1	1	1	1	1	1
ORTHOMCL8284	1	1	1	1	1	1	1	1	1	1	1	1	0	1	1	1	1	1	1	1	1
ORTHOMCL8293	1	1	1	1	1	1	1	1	1	1	1	1	0	1	1	1	1	1	1	1	1
ORTHOMCL8479	0	0	1	1	0	1	1	1	1	1	1	1	2	1	1	1	1	1	1	1	1
ORTHOMCL8605	1	0	1	1	1	1	1	1	1	1	1	1	1	1	1	0	1	1	1	1	1
ORTHOMCL8790	1	1	1	0	1	0	1	1	1	1	1	1	1	1	1	1	1	1	1	1	1
ORTHOMCL8926	1	1	1	1	1	0	1	1	1	1	1	1	1	1	1	0	0	1	1	1	1
