FamilyID	Bimp<0>	Bter<1>	Amel<2>	Aflo<3>	<4>	Mqua<5>	<6>	<7>	<8>	Emex<9>	<10>	Hlab<11>	Lalb<12>	Dnov<13>	<14>	Ccal<15>	Mrot<16>	<17>	<18>	<19>	<20>
ORTHOMCL14	+3	+0	-2	+0	+1	-2	+0	+0	+0	+0	+0	-2	-1	-1	+0	+0	+5	-1	+0	+0	+0
ORTHOMCL30	+0	+2	-1	+1	+0	-1	+0	+0	+0	+2	+0	-1	-1	-1	+0	+4	+0	+0	+0	+0	+0
ORTHOMCL48	-1	+0	-1	+7	+0	+3	+0	+0	+1	-1	+0	-1	-1	+0	+0	+0	-1	+0	+0	+0	+0
ORTHOMCL53	+0	+1	+0	+0	+0	-3	-3	+0	-1	+3	+0	+0	-4	+0	+0	+0	+0	+0	+0	+0	+0
ORTHOMCL69	-2	+3	+0	+0	+0	-1	-1	+0	-3	+2	+0	+2	-3	+0	+0	+0	+1	-1	+0	+0	+0
ORTHOMCL91	+0	+0	+0	+0	+0	+0	+0	+0	+0	+1	+0	+0	+0	+0	+0	+0	+0	+0	+0	+0	+0
ORTHOMCL95	+0	+3	-1	+0	+2	-1	+0	+0	+0	-1	+0	-1	-2	+1	-2	+0	+2	+0	+0	+0	+0
ORTHOMCL100	+3	+0	+0	+0	+0	+0	-1	+0	+0	+1	+0	+0	-1	+0	+0	+0	-1	+0	+0	+0	+0
ORTHOMCL118	+0	+0	+0	+0	+0	+0	+0	+0	+0	+0	+0	+0	-1	+0	+0	+0	-1	+0	+0	+0	+0
ORTHOMCL119	+1	+0	+0	+1	+2	+0	+0	+0	+0	+0	+0	+0	+0	+0	+0	+3	+0	+0	+0	+0	+0
ORTHOMCL120	+0	+2	-1	+0	+1	-2	-1	+0	+0	+1	+0	-2	-1	-1	+0	+1	+3	-1	+0	+0	+0
ORTHOMCL126	+0	+0	+0	+0	+0	+0	+0	+0	-2	+7	+0	-2	-2	+0	+0	+1	+4	+0	+0	+0	+0
ORTHOMCL131	+0	+0	+0	+0	+5	-1	-1	+0	+0	+0	+0	-1	+0	+0	+0	-1	+6	-1	+0	+0	+0
ORTHOMCL138	+0	+0	+0	+2	+3	+0	+0	+0	+0	+0	+0	+0	+0	+0	+0	+0	+0	+0	+0	+0	+0
ORTHOMCL158	+0	+0	+0	-1	+0	+0	+0	+0	+0	+0	+0	+1	+0	+0	+1	+0	+0	+0	+0	+0	+0
ORTHOMCL168	+0	+0	+0	+0	+0	+2	+0	+0	+0	+0	+0	+0	+0	+0	+0	+3	+1	+0	+0	+0	+0
ORTHOMCL171	+0	+0	-2	+0	+0	-2	+0	+0	+0	+1	+0	+3	+0	-1	+0	-2	+0	-1	+0	+0	+0
ORTHOMCL172	+0	+1	-1	+0	+1	-2	-1	+0	+0	+1	+0	+1	-1	+0	+0	-2	+0	-1	+0	+0	+0
ORTHOMCL173	+6	-1	-1	+0	+0	-1	+0	+0	+0	+1	+0	-1	+0	+0	+0	+6	+0	+0	+0	-1	+0
ORTHOMCL174	+1	+0	-1	+0	+1	-1	+0	+0	+0	+0	-1	+0	-2	+0	+0	+0	+2	+0	+0	+0	+0
ORTHOMCL175	+0	+2	+0	+0	+2	-1	+0	+0	+0	+1	+0	-1	-1	+1	+0	+1	+0	+0	+0	+0	+0
ORTHOMCL177	+0	+1	-1	+0	+1	-1	+0	+0	+0	+0	+0	+0	-1	+4	+0	+2	-1	+0	+0	+0	+0
ORTHOMCL179	+1	+0	+0	+1	+0	+0	+0	+0	+0	-1	+0	+0	+0	+0	+0	+2	+2	+0	+0	+0	+0
ORTHOMCL195	+1	+0	+0	+2	+0	+0	+0	+0	+0	+0	+0	+0	+0	+0	+0	+1	+1	+0	+0	+0	+0
ORTHOMCL207	+0	+0	+0	+0	+0	+0	+0	+0	+0	+0	+0	+0	-1	+1	+0	+0	+4	+0	+0	+0	+0
ORTHOMCL212	+0	+1	+0	+0	+2	+0	+0	+0	+0	+0	+0	+0	-1	+0	+0	+0	+0	+0	+0	+0	+0
ORTHOMCL218	+2	+0	-2	+0	+0	-2	+0	+0	+0	+0	+0	+0	+0	+0	+0	+1	-1	-1	+0	-1	+0
ORTHOMCL227	+0	+2	+0	+1	+2	-1	+1	+0	+0	-1	+0	-1	+0	+0	+0	+0	+0	-1	+0	+0	+0
ORTHOMCL229	+0	+1	+0	+0	+0	+0	+0	+0	+0	+0	-1	+0	-2	+0	+0	-1	+1	+0	+0	+0	+0
ORTHOMCL241	+0	+0	-1	+3	+0	-1	+0	+0	+0	+1	+0	+0	+0	+0	+0	+3	+0	-1	+0	+0	+0
ORTHOMCL245	+0	+2	+0	+0	+0	+0	+0	+1	+0	+0	+0	+0	+0	-1	+0	+0	-1	+0	+0	+0	+0
ORTHOMCL248	+0	+1	+0	+0	+0	+0	+0	+0	+0	+1	+0	+0	-1	+0	+0	+0	+2	+0	+0	+0	+0
ORTHOMCL268	+0	+0	+0	+0	+0	+0	+0	+0	+0	+0	+0	+0	+0	+0	+0	+3	+0	+0	+0	+0	+0
ORTHOMCL269	+0	+0	+0	+0	+1	+0	+0	+0	+0	+1	+0	+0	-1	+0	+0	+0	+1	+0	+0	+0	+0
ORTHOMCL289	+0	+0	-1	+1	+0	+0	+0	-1	+0	+2	+0	+4	-1	+0	+0	+0	+0	+0	+0	+0	+0
ORTHOMCL305	+0	+0	+0	+0	+0	+0	+0	+0	+0	+0	+0	+0	+0	+0	+0	+2	+0	+0	+0	+0	+0
ORTHOMCL309	+0	+1	+0	+0	+0	+0	+0	+0	+0	+0	+0	+0	+1	+0	+0	+0	+0	+0	+0	+0	+0
ORTHOMCL311	+0	+0	+0	+0	+0	+0	+0	+0	+0	+0	+0	+0	+0	+0	+0	+2	+0	+0	+0	+0	+0
ORTHOMCL314	+0	+0	+0	+0	+0	+0	-1	+0	+0	-1	+0	-1	+2	+0	+0	+2	+0	+1	+0	+0	+0
ORTHOMCL318	+0	+3	+0	+0	+3	+0	+0	+0	+0	+1	+0	+0	+0	+0	+0	+3	+0	+0	+0	+0	+0
ORTHOMCL319	+0	+1	+0	+0	+2	+0	+0	+0	+0	+4	+0	+0	+0	+0	+0	+4	+0	+0	+0	+0	+0
ORTHOMCL328	+2	+0	+0	+0	+1	-1	-1	+0	+0	+1	+0	-1	+0	+0	+0	+3	+0	-1	+0	+0	+0
ORTHOMCL331	+0	+0	+0	+0	+3	+0	+0	+0	+0	+0	+0	+0	+0	+0	+0	+3	+4	+0	+0	+0	+0
ORTHOMCL338	+0	+0	+0	+0	+1	-1	-1	+0	+0	+1	+0	+3	+0	+0	+0	+0	+0	-1	+0	+0	+0
ORTHOMCL351	+0	+0	+0	+0	+1	+0	+0	+0	+0	-1	+0	+0	+0	+0	+0	+0	+0	+0	+0	+0	+0
ORTHOMCL358	+0	+0	-1	+0	+2	-1	+0	+0	+0	+0	+0	-1	+0	+0	+0	-1	+3	-1	+0	+0	+0
ORTHOMCL365	+0	+0	-1	+1	+0	-1	+0	+0	+0	+1	+0	-1	+0	+0	+0	+3	+1	-1	+0	+0	+0
ORTHOMCL368	-1	+1	-1	+0	+0	+1	+0	+0	+0	+0	+0	+1	+1	+0	+0	+0	-1	+0	+0	+0	+0
ORTHOMCL375	+0	+0	+0	+0	+1	+0	+0	+0	+0	+0	+0	+0	-1	+0	+0	+0	+0	+0	+0	+0	+0
ORTHOMCL382	+0	+1	+0	+2	+2	+0	+0	+0	+0	+0	+0	+0	+0	+0	+0	+0	+5	+0	+0	+0	+0
ORTHOMCL386	-1	+0	+0	+0	+0	+0	+0	+0	+0	+0	+0	+0	+0	+0	+0	+1	+1	+0	+0	+0	+0
ORTHOMCL387	+0	+0	+0	+0	+3	-1	-1	+0	+0	-1	+0	+1	-1	+0	+0	-1	+0	+0	+0	+0	+0
ORTHOMCL391	+0	+0	+0	+0	+0	+0	+0	+0	+0	+3	+0	+0	-1	+0	+0	-1	+0	+0	+0	+0	+0
ORTHOMCL406	+0	+1	+0	-1	+0	-1	+0	+0	+0	+2	+0	+2	+0	-1	+0	+0	-1	+0	+0	+0	+0
ORTHOMCL427	+1	+0	-1	+1	+2	-1	+0	+0	+0	-1	+0	-1	+0	+0	+0	+0	+0	-1	+0	+0	+0
ORTHOMCL435	+1	+0	-1	+0	+1	-1	+0	+0	+0	+0	+0	+1	+0	+0	+0	-1	+1	-1	+0	+0	+0
ORTHOMCL438	+0	-1	-1	+1	+0	-1	+0	+0	+0	-1	+0	+0	-1	+2	+0	+0	+2	+0	+0	+0	+0
ORTHOMCL439	+0	+0	+0	+0	+0	+0	+0	+0	+0	+0	+0	+0	+0	+0	+0	+0	+0	+0	+0	+0	+0
ORTHOMCL445	+0	+2	+0	+0	+1	+0	+0	+0	+0	+0	-1	+0	-1	+1	+0	+3	-1	+0	+0	+0	+0
ORTHOMCL453	+0	+0	+0	+0	+0	+0	+0	+0	+0	+1	+0	+0	+0	+0	+0	+0	-1	+0	+0	+0	+0
ORTHOMCL463	+0	+0	+0	+0	+0	+0	+0	-1	+0	+0	+0	+0	-1	+0	+0	+0	+4	+0	+0	+0	+0
ORTHOMCL464	+0	+1	+0	+0	+0	+0	+0	+0	+0	+1	+0	+0	+4	+0	+0	+5	+0	+0	+0	+0	+0
ORTHOMCL469	+0	+0	-1	+0	+0	+0	+0	+0	+0	+0	+0	+0	+0	+0	+0	+1	+0	+0	+0	+0	+0
ORTHOMCL473	+0	+0	+0	+0	+1	+0	+0	+0	+0	+0	+0	+0	-2	+0	-2	+3	+0	+0	+0	+0	+0
ORTHOMCL474	-1	+0	+0	+0	+0	+0	+0	+0	+0	+0	+0	+0	+0	+0	+0	+0	+1	+0	+0	+0	+0
ORTHOMCL475	+0	+0	-1	+0	+2	-1	+0	+0	+0	+0	+0	-1	+0	+0	+0	+2	+0	+0	+0	-1	+0
ORTHOMCL488	+0	+0	+0	+0	+0	+0	+0	+0	+0	+0	+0	+0	+0	+0	+0	+0	+0	+0	+0	+0	+0
ORTHOMCL493	+0	+2	+0	+0	+1	-1	-1	+0	+0	-1	+0	+0	-1	+0	+0	-1	+2	+0	+0	+0	+0
ORTHOMCL497	+0	+0	+0	+0	+3	+0	+0	+0	+0	+0	+0	+2	+3	+0	+0	+0	+0	+0	+0	+0	+0
ORTHOMCL501	+0	+0	+0	+0	+0	+0	+0	+0	+0	+0	+0	+0	-1	+0	+0	+1	+0	+0	+0	+0	+0
ORTHOMCL516	+0	+0	-1	+0	+0	+0	+0	+0	+0	+0	+0	+0	+0	+0	+0	+0	+0	+0	+0	+0	+0
ORTHOMCL520	+0	+0	+0	+0	+0	+0	+0	+0	+0	+0	+0	+4	+0	+0	+0	+6	+0	+0	+0	+0	+0
ORTHOMCL535	+0	+0	+0	+0	+0	+0	+0	+0	+0	+0	+0	+0	+0	+0	+0	-1	+0	+0	+0	+0	+0
ORTHOMCL566	+0	+0	+0	+0	+0	+0	+0	+0	-1	+0	+0	+4	-1	+0	+0	+3	+0	-1	+0	+0	+0
ORTHOMCL570	+1	+0	+0	+0	+0	+0	-1	+0	+0	+0	+0	+0	+0	+0	+0	+1	-1	+0	+0	+0	+0
ORTHOMCL572	+4	+0	+0	+0	+0	+0	+0	+0	+0	+0	+0	+0	+0	+0	+0	+3	+3	+0	+0	+0	+0
ORTHOMCL578	+0	+1	+0	+0	+0	+0	+0	+0	-1	+0	+0	-1	+0	+0	+0	+3	+3	-1	+0	+0	+0
ORTHOMCL580	+0	+0	+0	+0	+0	+0	+0	+0	-1	+4	+0	+0	+0	+0	+0	+1	+1	-1	+0	+0	+0
ORTHOMCL582	+0	+1	+0	+0	+3	+0	+0	+0	+0	+0	+0	+1	+0	+0	+0	+0	+2	+0	+0	+0	+0
ORTHOMCL583	+0	+0	+0	+0	+2	-1	-1	+0	+0	+0	+0	+1	+0	+0	+0	-1	+0	-1	+0	+0	+0
ORTHOMCL585	+0	+0	+0	+0	+0	+0	+0	+0	+0	+0	+0	+0	-1	+0	+0	+0	+0	+0	+0	+0	+0
ORTHOMCL601	+0	+0	+0	+0	+0	+0	+0	+0	+0	+4	+0	+0	+0	+5	+0	+0	+0	+0	+0	+0	+0
ORTHOMCL603	+0	+0	-1	+2	+2	-1	+0	+0	+0	+0	+1	+0	+0	-1	+0	-1	+1	+0	+0	+0	+0
ORTHOMCL611	+0	+0	-1	+2	+1	-1	+0	+0	+0	-1	+0	-1	+0	+0	+0	+0	+0	-1	+0	+0	+0
ORTHOMCL613	+0	+0	+0	+0	-1	+0	+0	+0	+0	+0	+0	+1	+0	+0	+0	+0	-1	+0	+0	+0	+0
ORTHOMCL617	+0	+0	-1	+2	+0	-1	+0	+0	+0	-1	+0	-1	+0	+0	+0	+1	+1	-1	+0	+0	+0
ORTHOMCL620	+1	-1	+0	+0	+0	+0	+0	+0	+0	+0	+0	-1	+0	-1	+0	+0	+0	+0	+0	+0	+0
ORTHOMCL624	+0	+1	+0	+0	+1	+0	+0	+0	+0	+0	-1	+0	+0	+0	+0	+1	+2	-1	+0	+0	+0
ORTHOMCL628	+1	+0	-1	+0	+0	+0	+0	+0	+0	+0	+0	-1	+0	+0	+0	-1	+0	+0	+0	+0	+0
ORTHOMCL644	+0	+0	-1	+1	+1	-1	+0	+0	+0	+0	+0	-1	+0	+0	+0	+1	+0	+0	+0	-1	+0
ORTHOMCL645	+0	+1	+0	+0	+4	+0	+0	+0	+0	+0	+0	+0	+0	+0	+0	+0	+0	+0	+0	+0	+0
ORTHOMCL648	+0	+3	+0	+0	+3	-1	+0	+0	+0	+0	+0	+0	+0	+1	+0	+0	+0	+0	+0	+0	+0
ORTHOMCL651	+0	-1	-1	+0	+0	+0	+0	+0	+0	+1	+0	-1	+0	-1	+0	-1	+2	+0	+0	+0	+0
ORTHOMCL657	+0	+1	+0	+0	+0	+0	+0	+0	+0	+0	-1	+2	+0	+0	+0	-1	+4	-1	+0	+0	+0
ORTHOMCL673	+0	+4	+0	+0	+2	+0	+0	+0	+0	+1	+0	+0	+0	+0	+0	+0	+0	+0	+0	+0	+0
ORTHOMCL679	+1	+0	+0	+0	+2	+0	+0	+0	+0	+0	+0	+0	+0	+0	+0	+0	+3	+0	+0	+0	+0
ORTHOMCL706	+0	+2	+0	+0	+3	+0	+0	+0	+0	+0	+0	+0	+0	+0	+0	+0	+0	+0	+0	+0	+0
ORTHOMCL709	+0	+0	+0	+0	+0	+0	+0	+0	+0	+0	+0	+0	-1	+0	-1	+2	+3	+0	+0	+0	+0
ORTHOMCL711	+0	+0	-1	+2	+0	-1	+0	+0	+0	+0	+0	-1	+0	+0	+0	+1	+0	+0	+0	-1	+0
ORTHOMCL722	+2	+0	+0	+3	+0	+0	+0	+0	+0	+0	+0	+0	+0	+0	+0	+0	+3	+0	+0	+0	+0
ORTHOMCL731	+1	+0	+0	+0	+2	+0	+0	+0	+0	+2	+0	+0	+0	+0	+0	+1	+0	+0	+0	+0	+0
ORTHOMCL752	+0	+0	+0	+0	+0	+0	+0	+0	+0	+7	+0	+0	+0	-1	+0	+2	+0	+0	+0	+0	+0
ORTHOMCL755	+0	+2	+0	+0	+3	+0	+0	+0	+0	+0	+0	+0	+0	+0	+0	+0	+0	+0	+0	+0	+0
ORTHOMCL756	-1	+0	-1	+0	+0	+0	+0	+0	+0	-1	+0	-1	+0	+0	+0	+2	-1	+0	+0	+0	+0
ORTHOMCL761	+0	+1	+0	+0	+0	+0	-1	+0	+0	+0	+0	+0	+0	+0	+0	-2	+0	+0	+0	+0	+0
ORTHOMCL766	+0	+1	+0	+0	+2	+0	+0	+0	+0	+0	+0	+1	+0	+2	+0	+0	+0	+0	+0	+0	+0
ORTHOMCL777	+0	+0	+0	+0	+2	+0	+0	+0	+0	+0	+0	+0	+0	+0	+0	+0	+4	+0	+0	+0	+0
ORTHOMCL778	+0	+2	+0	+0	+3	+0	+0	+0	+0	+0	+0	+0	+0	+0	+0	+0	+0	+0	+0	+0	+0
ORTHOMCL791	+0	-1	+0	-1	+0	+1	+0	+0	+0	-1	+0	+0	+0	-1	+0	-1	+0	+0	+0	+0	+0
ORTHOMCL804	+0	+1	+0	+4	+0	+0	+0	+0	+0	+0	+0	+0	+0	+1	+0	+0	+1	+0	+0	+0	+0
ORTHOMCL807	+0	+0	-1	+1	+0	-1	+0	+0	+0	+1	+0	-1	-1	+0	+0	-1	-1	+0	+0	+0	+0
ORTHOMCL810	+0	+0	+0	+1	+0	+0	+0	+0	+0	+1	+0	+0	+0	+0	+0	+0	+5	+0	+0	+0	+0
ORTHOMCL812	+0	+0	+0	+0	-1	+0	+0	+0	+0	+0	+0	-1	+0	+0	+0	-1	+0	+0	+0	+0	+0
ORTHOMCL836	+0	+1	+0	+0	+0	+0	+2	+0	+0	+0	+0	+0	+2	+0	+0	+1	-1	+0	+0	+0	+0
ORTHOMCL838	+1	+0	+0	+0	+0	-1	-1	+0	+0	+0	+0	-1	+0	+0	+0	+1	+0	-1	+0	+0	+0
ORTHOMCL846	+1	+0	+0	+1	+0	+0	+0	+0	+0	+3	+0	+0	+0	+0	+0	+2	+0	+0	+0	+0	+0
ORTHOMCL848	+0	+0	+0	+0	+0	+0	+0	-1	+0	+0	+0	+0	-1	+0	+0	+0	+0	+0	+0	+0	+0
ORTHOMCL864	-1	+0	-1	+0	+0	+0	+0	+0	+0	-1	+0	-1	+0	+0	+0	+0	+0	+0	+0	+0	+0
ORTHOMCL866	+1	+0	+1	+0	+0	+0	+2	+0	+0	+0	+0	+0	+0	+1	+0	+0	+0	+0	+0	+0	+0
ORTHOMCL873	+0	+0	+0	+0	+0	+0	+0	+0	+0	+0	+0	+0	+0	+0	+0	+0	+7	+0	+0	+0	+0
ORTHOMCL874	+0	-1	+0	+0	+0	-2	+0	+0	+0	+0	+0	-1	+0	+2	+0	-1	-1	+0	+0	+0	+0
ORTHOMCL886	+0	+0	+0	+0	+3	+0	+0	+0	+0	+0	+0	+0	+0	+1	+0	+0	+0	+0	+0	+0	+0
ORTHOMCL889	+0	+0	+0	+0	+0	+0	+0	+0	+0	+0	+0	+0	-1	+0	-1	+3	+1	+0	+0	+0	+0
ORTHOMCL892	+0	+0	+0	+0	+0	-1	-1	+0	+0	+0	+0	+0	-1	+0	+0	+0	+0	+0	+0	+0	+0
ORTHOMCL901	-1	+1	+0	+0	+0	-1	-1	+0	+0	+1	+0	+0	+0	+0	+0	+1	+0	+0	+0	-1	+0
ORTHOMCL902	+0	+0	+0	+0	+2	+0	+0	+0	+0	+0	+0	+0	+0	+0	+0	+3	+0	+0	+0	+0	+0
ORTHOMCL907	+0	+4	+0	+0	+0	+0	+0	+0	+0	+2	+0	+1	+0	+0	+0	+0	+0	+0	+0	+0	+0
ORTHOMCL920	+0	+0	+0	+0	+2	+0	+0	+0	+0	+0	+0	+2	+0	+0	+0	+0	+0	+0	+0	+0	+0
ORTHOMCL924	+0	+0	+0	+4	+0	+0	+0	+0	+0	+0	+0	+0	+0	+1	+0	+0	+1	+0	+0	+0	+0
ORTHOMCL940	+0	+1	+0	+0	+0	+0	+0	+0	+0	+0	-1	+0	-2	+0	+0	+3	-1	+0	+0	+0	+0
ORTHOMCL943	+0	+0	-1	+0	+0	-1	+0	+0	+0	-1	+0	+0	-1	+0	+0	-1	+0	+0	+0	+0	+0
ORTHOMCL948	+0	+0	+0	+0	+0	-1	-1	+0	+0	+0	+0	-1	-1	+0	+0	+0	+0	+0	+0	+0	+0
ORTHOMCL950	+0	+0	+0	+0	+0	+0	+0	+0	+0	+2	+0	+0	+0	+0	+0	+0	+4	+0	+0	+0	+0
ORTHOMCL955	+0	+0	+0	+0	+1	+0	+0	+0	+0	+0	+0	-1	+0	+0	+0	+1	+4	+0	+0	+0	+0
ORTHOMCL961	+0	+0	+0	+0	+2	+0	+0	+0	+0	+0	+0	+0	+0	+0	+0	+2	+0	+0	+0	+0	+0
ORTHOMCL973	+0	+0	+0	+0	+0	+0	+0	+0	+0	+0	-1	+0	-1	+0	+0	+0	+2	+0	+0	+0	+0
ORTHOMCL979	-1	+0	+0	+0	+0	+0	-1	+0	+0	+0	+0	+1	+0	-1	+0	-1	-1	+0	+0	+0	+0
ORTHOMCL985	+0	+0	+0	+0	+3	+0	+0	+0	+0	+0	+0	+0	+0	+0	+0	+0	+0	+0	+0	+0	+0
ORTHOMCL986	-1	+0	+0	+0	+0	+0	+0	+0	+0	+0	+1	+0	+0	+0	+0	+1	+0	+0	+0	+0	+0
ORTHOMCL991	+0	+0	+0	+0	+3	+0	+0	+0	+0	+0	+0	+0	+0	+0	+0	+0	+0	+0	+0	+0	+0
ORTHOMCL997	+0	+0	-1	+0	+0	-1	+0	+0	+0	+0	+0	-1	+0	+0	+0	+0	+0	-1	+0	+0	+0
ORTHOMCL1003	+0	+0	-1	+0	+0	+0	+0	-1	+0	+0	+0	-1	-1	+0	+0	+0	+1	+0	+0	+0	+0
ORTHOMCL1004	+0	+0	-1	+0	+0	-1	+0	+0	+0	+0	+0	+1	+0	+0	+1	+0	+0	+0	+0	+0	+0
ORTHOMCL1005	+0	+0	-1	+0	-1	+1	+0	+0	+0	-1	+0	+0	+0	-1	+0	+0	-1	+0	+0	+0	+0
ORTHOMCL1007	+0	+0	+0	+0	+0	+0	+0	+0	+0	+1	+0	+0	+0	+0	+0	+1	+4	+0	+0	+0	+0
ORTHOMCL1012	+0	+0	+0	+0	+3	+0	+0	+0	+0	+0	+0	+0	+0	+0	+0	+0	+0	+0	+0	+0	+0
ORTHOMCL1013	+0	+0	+0	+0	+0	+0	+0	+0	+0	+0	-1	+0	+0	-1	+0	-1	+3	+0	+0	+0	+0
ORTHOMCL1016	+0	+0	-1	+0	+0	-1	+0	+0	+0	-1	+0	-1	+0	+0	+0	-1	+0	+0	+0	+0	+0
ORTHOMCL1023	-1	+0	-1	+0	+0	+0	+0	+0	+0	-1	+0	+0	-1	+0	+0	+0	-1	+0	+0	+0	+0
ORTHOMCL1027	+0	+0	+0	+0	+0	-1	+0	+0	+0	-1	+0	-1	+0	+0	+0	+0	+0	-1	+0	+0	+0
ORTHOMCL1036	+0	+0	+0	+0	+2	+0	+0	+0	+0	+0	+0	+1	+0	+0	+0	+0	+1	+0	+0	+0	+0
ORTHOMCL1044	+2	+0	+0	+0	+1	-1	+0	+0	+0	+4	+0	+0	+0	+0	+0	+0	-1	+0	+0	+0	+0
ORTHOMCL1047	+0	-1	+0	+0	+0	+2	+0	+1	+0	+0	+0	+0	+2	+0	+0	+0	+0	+0	+0	+0	+0
ORTHOMCL1053	+0	+0	-1	+0	+0	-1	+0	+0	+0	+0	+0	+1	+0	+0	+1	+0	+0	+0	+0	+0	+0
ORTHOMCL1062	-1	+0	+0	+0	+0	-1	+0	+0	+0	-1	+0	-1	+0	-1	+0	+0	+0	+0	+0	+0	+0
ORTHOMCL1063	-1	+0	-1	+0	+0	-1	+0	+0	+0	+0	+0	+0	+0	+0	+0	+0	+0	-1	+0	+0	+0
ORTHOMCL1067	+0	+1	+0	+0	+1	+0	+0	+0	+0	+0	+0	+1	+0	+0	+0	+0	+2	+0	+0	+0	+0
ORTHOMCL1078	+0	+2	+0	+0	+2	+0	+0	+0	+0	+0	+0	+0	+0	+0	+0	+0	+0	+0	+0	+0	+0
ORTHOMCL1166	-1	+0	-1	+0	+0	+0	+0	+0	+0	-1	+0	-1	-1	+0	+0	-1	+0	+0	+0	+0	+0
ORTHOMCL1182	+0	+1	+0	+0	+2	+0	+0	+0	+0	+0	+0	+0	+0	+0	+0	+0	+0	+0	+0	+0	+0
ORTHOMCL1188	+0	+0	+0	+2	+0	+0	+0	+0	+0	+0	+0	+0	+0	+0	+0	+1	+2	+0	+0	+0	+0
ORTHOMCL1197	+0	+0	+0	+0	+2	+0	+0	+0	+0	+0	+0	+0	+0	+0	+0	+0	+1	+0	+0	+0	+0
ORTHOMCL1209	+1	+0	+0	+1	+0	+1	+0	+0	+0	+0	+0	+0	+1	+0	+0	+1	+0	+0	+0	+0	+0
ORTHOMCL1218	+0	+4	+0	+0	+0	+0	+0	+0	+0	+0	+0	+0	+0	+0	+0	+1	+0	+0	+0	+0	+0
ORTHOMCL1227	+1	+0	+0	+0	+1	+0	+0	+0	+0	+1	+0	+0	+0	+0	+0	+1	+0	+0	+0	+0	+0
ORTHOMCL1228	+0	+0	+0	+0	+0	+0	+0	+0	+0	+0	+0	+0	+0	+0	+0	+4	+1	+0	+0	+0	+0
ORTHOMCL1261	+0	+0	+0	+1	+1	+0	+0	+0	+0	+0	+0	+1	+0	+0	+0	+1	+0	+0	+0	+0	+0
ORTHOMCL1270	+0	+0	+0	+1	+0	+0	+0	+0	+0	+0	+0	+0	+0	-1	+0	+5	+0	+0	+0	+0	+0
ORTHOMCL1282	+0	+0	+0	+0	+1	+0	+0	+0	+0	+0	+0	+0	+0	+0	+0	+0	+3	+0	+0	+0	+0
ORTHOMCL1284	+0	+0	+0	+0	+0	+0	+0	+0	-1	+0	+0	+0	+0	+0	+0	+1	+0	-1	+0	+0	+0
ORTHOMCL1286	+0	+4	+0	+0	+0	+0	+0	+0	+0	+0	+0	+1	+0	+0	+0	+0	+0	+0	+0	+0	+0
ORTHOMCL1292	+0	+0	+0	+2	+0	+1	+0	+0	+0	+1	+0	+0	+0	+0	+0	+0	+1	+0	+0	+0	+0
ORTHOMCL1310	+1	+0	+0	+0	+0	+0	+0	+0	-1	+0	+0	+0	+0	+0	+0	-1	+1	-1	+0	+0	+0
ORTHOMCL1311	+0	+1	+1	+0	+0	+0	+0	+0	+0	+1	+0	+0	+1	+0	+0	+1	+0	+0	+0	+0	+0
ORTHOMCL1319	+0	+0	+0	+0	+0	+0	+0	+0	+0	+0	+0	+0	+0	+0	+0	+1	+4	+0	+0	+0	+0
ORTHOMCL1323	+0	+4	+0	+0	+0	+0	+0	+0	+0	+1	+0	+0	-1	+0	+0	+0	+1	+0	+0	+0	+0
ORTHOMCL1332	+1	+0	+0	+0	+0	+0	+0	+0	+0	+0	+0	+0	+0	-1	-1	+1	+0	+0	+0	+0	+0
ORTHOMCL1337	+0	+1	+0	+0	+2	+0	+0	+0	+0	+1	+0	-1	+0	+0	+0	+0	+0	+0	+0	+0	+0
ORTHOMCL1345	+0	+0	+0	+0	+0	+0	+0	+0	+0	+0	+0	+0	+1	+0	+0	+0	+4	+0	+0	+0	+0
ORTHOMCL1346	+1	+0	+0	-1	+2	+0	+0	+0	+0	+0	+0	+0	+0	-1	+0	+1	+1	+0	+0	+0	+0
ORTHOMCL1356	+0	+0	+0	+3	+0	+0	+0	+0	+0	+0	+0	+0	+0	+0	+0	+0	+1	+0	+0	+0	+0
ORTHOMCL1357	+0	+0	+0	+0	+0	+0	+0	+0	+0	+1	+0	+0	+0	+0	+0	+2	+1	+0	+0	+0	+0
ORTHOMCL1358	+0	+0	+0	+0	+2	+0	+0	+0	+0	+0	+0	+0	+0	+0	+0	+0	+0	+0	+0	+0	+0
ORTHOMCL1364	+0	+0	+0	+0	+0	+1	+0	+0	+0	+1	+0	+0	+1	+0	+0	+1	+0	+0	+0	+0	+0
ORTHOMCL1365	+0	+0	+0	+1	+0	+0	+0	+0	+0	+2	+0	+0	+0	+0	+0	+1	+0	+0	+0	+0	+0
ORTHOMCL1368	+0	+0	+0	+0	+0	+0	+0	+0	+0	+0	+0	+0	+0	+0	+0	+0	+4	+0	+0	+0	+0
ORTHOMCL1370	+0	+0	+0	+0	+1	+0	+0	+0	+0	+1	+0	+0	+0	+0	+0	+1	+0	+0	+0	+0	+0
ORTHOMCL1371	+1	+0	+0	+1	+0	+0	+0	+0	+0	+1	+0	+0	+0	+0	+0	+0	+1	+0	+0	+0	+0
ORTHOMCL1390	+0	+0	+0	+0	+0	+1	+0	+0	+0	+3	+0	+0	+0	+0	+0	+0	+0	+0	+0	+0	+0
ORTHOMCL1396	+0	+1	+0	+1	+0	+0	+0	+0	+0	+1	+0	+0	+0	+0	+0	+0	+1	+0	+0	+0	+0
ORTHOMCL1404	+0	+0	+0	+2	+0	+1	+0	+0	+0	+0	+0	+0	+0	+0	+0	+0	+1	+0	+0	+0	+0
ORTHOMCL1410	+0	+1	+0	+1	+0	+0	+0	+0	+0	+0	+0	+0	+0	+0	+0	+1	+1	+0	+0	+0	+0
ORTHOMCL1433	+0	+1	+0	+0	+0	+0	+0	+0	+0	+0	+0	+0	+0	+0	+0	+2	+1	+0	+0	+0	+0
ORTHOMCL1434	+0	+0	+0	+0	+2	+0	+0	+0	+0	+0	+0	+0	+0	+0	+0	+0	+0	+0	+0	+0	+0
ORTHOMCL1435	+0	+0	+0	+2	+1	+0	+0	+0	+0	+0	+0	+0	+0	+0	+0	+0	+0	+0	+0	+0	+0
ORTHOMCL1442	+0	+0	+0	+2	+0	+0	+0	+0	+0	+1	+0	+0	+0	+0	+0	+1	+0	+0	+0	+0	+0
ORTHOMCL1454	+0	+0	+0	+0	+0	+0	+0	+0	+0	+0	+0	+0	+2	+0	+0	+0	+0	+1	+0	+0	+0
ORTHOMCL1463	+0	+0	+0	+0	+0	+0	+0	+0	+0	+0	+0	+0	+0	+0	+0	+2	+2	+0	+0	+0	+0
ORTHOMCL1465	+1	+0	+0	+0	+0	+0	+0	+0	+0	+0	+0	+0	+0	+0	+0	+0	+3	+0	+0	+0	+0
ORTHOMCL1469	+1	+0	+0	+0	+0	+0	+0	+0	+0	+2	+0	+0	+0	+0	+0	+1	+0	+0	+0	+0	+0
ORTHOMCL1471	+0	+3	+0	+0	+0	+0	+0	+0	+0	+0	+0	+1	+0	+0	+0	+0	+0	+0	+0	+0	+0
ORTHOMCL1475	+0	+0	+0	+1	+0	+0	+0	+0	+0	+0	+0	+0	-1	+2	+0	-1	+0	+0	-1	+0	+0
ORTHOMCL1482	+0	+0	+0	+0	+1	+0	+0	+0	+0	+0	+0	+0	+0	+0	+0	+0	+2	+0	+0	+0	+0
ORTHOMCL1483	+2	+0	+0	+0	+0	+0	+0	+0	+0	+2	+0	+0	+0	+0	+0	+0	+0	+0	+0	+0	+0
ORTHOMCL1498	+0	+0	+0	+1	+1	+0	+0	+0	+0	+0	+0	+0	+0	+0	+0	+1	+0	+0	+0	+0	+0
ORTHOMCL1508	+0	+0	+0	+0	+1	+0	+0	+0	+0	+0	+0	+0	+0	+0	+0	+1	+1	+0	+0	+0	+0
ORTHOMCL1518	+0	+0	+0	+0	+2	+0	+0	+0	+0	+0	+0	+0	+0	+0	+0	+0	+0	+0	+0	+0	+0
ORTHOMCL1525	+0	+1	+0	+0	+2	+0	+0	+0	+0	+0	+0	+0	-1	+0	+0	+0	+0	+0	+0	+0	+0
ORTHOMCL1530	+0	+0	+0	+1	+1	+0	+0	+0	+0	+0	+0	+0	+0	+0	+0	+0	+1	+0	+0	+0	+0
ORTHOMCL1534	+0	+0	+0	+0	+0	+0	+0	+0	+0	+0	+0	+0	+0	+0	+0	+0	+4	+0	+0	+0	+0
ORTHOMCL1547	+1	+0	+0	+0	+1	+0	+0	+0	+0	+1	+0	+0	+0	+0	+0	+0	+0	+0	+0	+0	+0
ORTHOMCL1561	+0	+0	+0	+2	+1	+0	+0	+0	+0	+0	+0	+0	+0	+0	+0	+0	+0	+0	+0	+0	+0
ORTHOMCL1566	+0	+1	+0	+0	+0	+0	+0	+0	+0	+0	+0	+0	+0	+0	+0	+2	+1	+0	+0	+0	+0
ORTHOMCL1568	+0	+0	+0	+0	+0	+0	+0	+0	-1	+0	+0	-1	-1	+0	+0	+0	+0	+0	+0	+0	+0
ORTHOMCL1573	+0	+0	+0	+0	+0	+2	+0	+0	+0	+0	+0	+0	+0	+0	+0	+0	+0	+1	+0	+0	+0
ORTHOMCL1578	+0	+0	+0	+0	+0	+0	+0	+0	+0	+1	+0	+0	+0	+0	+0	+1	+2	+0	+0	+0	+0
ORTHOMCL1580	+0	+0	+0	+0	+0	+0	+0	+0	+0	+0	+0	+0	+0	+0	+0	+1	+3	+0	+0	+0	+0
ORTHOMCL1597	+0	+0	+0	+0	+1	+0	+0	+0	+0	+1	+0	+0	+0	+0	+0	+0	+1	+0	+0	+0	+0
ORTHOMCL1599	+0	+1	+0	+0	+0	+0	+0	+0	+0	+2	+0	+0	+0	+0	+0	+0	+1	+0	+0	+0	+0
ORTHOMCL1605	+1	+0	+0	+0	+0	+0	+0	+0	+0	+1	+0	+0	+0	+0	+0	+2	+0	+0	+0	+0	+0
ORTHOMCL1614	+0	+0	+0	+0	+1	+0	+0	+0	+0	+0	+0	+1	+0	+0	+0	+0	+1	+0	+0	+0	+0
ORTHOMCL1627	+0	+0	+0	+0	+0	+0	+0	+0	+0	+0	+0	+0	-1	+0	-1	+1	+0	+0	+0	+0	+0
ORTHOMCL1651	+0	+0	+0	+0	+0	+0	+0	+0	+0	+0	+0	+2	+0	+0	+0	+0	+2	+0	+0	+0	+0
ORTHOMCL1666	+0	+1	+0	+0	+1	+0	+0	+0	+0	+0	+0	+0	+0	+0	+0	+0	+1	+0	+0	+0	+0
ORTHOMCL1667	+0	+0	+0	+0	+1	+0	+0	+0	+0	+0	+0	+1	+0	+0	+0	+0	+1	+0	+0	+0	+0
ORTHOMCL1675	+2	+0	+0	+0	+1	+0	+0	+0	+0	+0	+0	+0	+0	+0	+0	+0	+0	+0	+0	+0	+0
ORTHOMCL1681	+1	+0	+0	+0	+1	+0	+0	+0	+0	+0	+0	+1	+0	+0	+0	+0	+0	+0	+0	+0	+0
ORTHOMCL1685	+0	+1	+0	+0	+1	+0	+0	+0	+0	+0	+0	+0	+0	+0	+0	+0	+1	+0	+0	+0	+0
ORTHOMCL1705	+0	+0	+0	+0	+0	+0	+0	+0	+0	+0	+0	+0	+0	+0	+0	+4	+0	+0	+0	+0	+0
ORTHOMCL1712	+0	+4	+0	+0	+0	+0	+0	+0	+0	+0	+0	+0	+0	+0	+0	+0	+0	+0	+0	+0	+0
ORTHOMCL1715	+0	+0	+0	+0	+0	+0	+0	+0	+0	+0	-1	+0	-1	+1	+0	-1	+0	+0	+0	+0	+0
ORTHOMCL1729	+0	+1	+0	+0	+1	+0	+0	+0	+0	+0	+0	+0	+0	+0	+0	+0	+0	+0	+0	+0	+0
ORTHOMCL1731	+0	+0	+0	+0	+0	+0	+0	+0	+0	+3	+0	+0	+0	+0	+0	+0	+0	+0	+0	+0	+0
ORTHOMCL1740	+0	+0	+0	+0	+0	+0	+0	+0	+0	+0	+0	+0	+0	+0	+0	+3	+0	+0	+0	+0	+0
ORTHOMCL1744	+0	+1	+0	+0	+0	+1	+0	+0	+0	+0	+0	+0	+1	+0	+0	+0	+0	+0	+0	+0	+0
ORTHOMCL1758	+0	+1	+0	+1	+0	+0	+0	+0	+0	+0	+0	+0	+0	+0	+0	+1	+0	+0	+0	+0	+0
ORTHOMCL1779	+1	+0	+0	+2	+0	+0	+0	+0	+0	+0	+0	+0	+0	+0	+0	+0	+0	+0	+0	+0	+0
ORTHOMCL1786	+0	+0	+0	+2	+0	+0	+0	+0	+0	+0	+0	+0	+0	+0	+0	+0	+1	+0	+0	+0	+0
ORTHOMCL1789	+0	+0	+0	+0	+0	+0	+0	+0	+0	+1	+0	+0	+0	+2	+0	+0	+0	+0	+0	+0	+0
ORTHOMCL1790	+0	+0	+0	+0	+1	+0	+0	+0	+0	+0	+0	+0	+0	+0	+0	+0	+1	+0	+0	+0	+0
ORTHOMCL1791	+0	+0	+0	+0	+0	+0	+0	+0	+0	+1	+0	+0	+0	+0	+0	+1	+1	+0	+0	+0	+0
ORTHOMCL1805	+0	+0	+0	+0	+0	+0	+0	+0	+0	+1	+0	+0	+0	+0	+0	+2	+0	+0	+0	+0	+0
ORTHOMCL1807	+0	+0	+0	+1	+0	+0	+0	+0	+0	+0	+0	+0	+0	+0	+0	+1	+1	+0	+0	+0	+0
ORTHOMCL1810	+0	+0	+0	+0	+0	+0	+0	+0	+0	+1	+0	+3	+0	-1	+0	+1	-1	+0	+0	+0	+0
ORTHOMCL1812	+0	+0	+0	+1	+0	+0	+0	+0	+0	+0	+0	+0	+0	+0	+0	+2	+0	+0	+0	+0	+0
ORTHOMCL1822	+0	+0	+0	+0	+0	+1	+0	+0	+0	+0	+0	+0	+0	+0	+0	+2	+0	+0	+0	+0	+0
ORTHOMCL1842	+0	+0	+0	+0	+0	+1	+0	+0	+0	+1	+0	+0	+1	+0	+0	+0	+0	+0	+0	+0	+0
ORTHOMCL1850	+1	+0	+0	+0	+0	+0	+0	+0	+0	+0	+0	+0	+0	+1	+0	+0	+1	+0	+0	+0	+0
ORTHOMCL1857	+0	+0	+0	+1	+0	+0	+0	+0	+0	+0	+0	+0	+0	+0	+0	+2	+0	+0	+0	+0	+0
ORTHOMCL1862	+0	+0	+0	+0	+0	+0	+0	+0	+0	+0	+0	+0	+0	+0	+0	+3	+0	+0	+0	+0	+0
ORTHOMCL1868	+0	+1	+0	+2	+0	+0	+0	+0	+0	+0	+0	+0	+0	+0	+0	+0	+0	+0	+0	+0	+0
ORTHOMCL1871	+0	+0	+0	+2	+0	+0	+0	+0	+0	+1	+0	+0	+0	+0	+0	+0	+0	+0	+0	+0	+0
ORTHOMCL1882	+0	+0	+0	+0	+0	+0	+0	+0	+0	+0	+0	+0	+0	+0	+0	+0	+3	+0	+0	+0	+0
ORTHOMCL1893	+0	+0	+0	+0	+0	+0	+0	+0	+0	+0	+0	+0	+0	+0	+0	+1	+2	+0	+0	+0	+0
ORTHOMCL1898	+0	+0	+0	+0	+0	+0	+0	+0	+0	+1	+0	+0	+0	-1	+0	+2	+1	+0	+0	+0	+0
ORTHOMCL1918	+0	+0	+0	+0	+1	+0	+0	+0	+0	+0	+0	+1	+0	+0	+0	+0	+0	+0	+0	+0	+0
ORTHOMCL1920	+0	+0	+0	+1	+0	+0	+0	+0	+0	+0	+0	+0	+0	+0	+0	+2	+0	+0	+0	+0	+0
ORTHOMCL1925	+0	+0	+0	+1	+0	+0	+0	+0	+0	+0	+0	+0	+0	+0	+0	+0	+2	+0	+0	+0	+0
ORTHOMCL1938	+0	+1	+0	+0	+1	+0	+0	+0	+0	+0	+0	+0	+0	+0	+0	-1	+1	+0	+0	+0	+0
ORTHOMCL1952	+1	+0	+0	+0	+0	+0	+0	+0	+0	+1	+0	+0	+0	+0	+0	+1	+0	+0	+0	+0	+0
ORTHOMCL1955	+0	+3	+0	+0	+0	+0	+0	+0	+0	+0	+0	+0	+0	+0	+0	+0	+0	+0	+0	+0	+0
ORTHOMCL1964	+0	+1	+0	+0	+0	+0	+0	+0	+0	+0	+0	+0	+0	+2	+0	+0	+0	+0	+0	+0	+0
ORTHOMCL1972	+0	+0	+0	+0	+0	+0	+0	+0	+0	+1	+0	+0	+0	+2	+0	+0	+0	+0	+0	+0	+0
ORTHOMCL1975	+0	+1	+0	+0	+0	+0	+0	+0	+0	+0	+0	+0	+0	+0	+0	+2	+0	+0	+0	+0	+0
ORTHOMCL1977	+0	+0	+0	+0	+0	+0	+0	+0	+0	+1	+0	+0	+0	+0	+0	+2	+0	+0	+0	+0	+0
ORTHOMCL1980	+0	+0	+0	+0	+0	+1	+0	+0	+0	+0	+0	-1	+0	+0	+0	+3	+0	+0	+0	+0	+0
ORTHOMCL1990	+0	+0	+0	+0	+0	+1	+0	+0	+0	+0	+0	+0	+0	+1	+0	+1	+0	+0	+0	+0	+0
ORTHOMCL1992	+0	+0	+0	+1	+1	+0	+0	+0	+0	+0	+0	+0	+0	+0	+0	+0	+0	+0	+0	+0	+0
ORTHOMCL1995	+0	+0	+0	+0	+1	+0	+0	+0	+0	+0	+0	+0	+0	+0	+0	+0	+1	+0	+0	+0	+0
ORTHOMCL2003	+0	+0	+0	+0	+1	+0	+0	+0	+0	+0	+0	+0	+0	+0	+0	+1	+0	+0	+0	+0	+0
ORTHOMCL2006	+0	+0	+0	+1	+0	+0	+0	+0	+0	+0	+0	+0	+0	+0	+0	+0	+2	+0	+0	+0	+0
ORTHOMCL2015	+0	+0	+0	+0	+0	+0	+0	+0	+0	+0	+0	+0	+0	+0	+0	+3	+0	+0	+0	+0	+0
ORTHOMCL2018	+1	+0	+0	+1	+0	+0	+0	+0	+0	+0	+0	+0	+0	+0	+0	+0	+1	+0	+0	+0	+0
ORTHOMCL2026	+1	+0	+0	+1	+0	+0	+0	+0	+0	+1	+0	+0	+0	+0	+0	+0	+0	+0	+0	+0	+0
ORTHOMCL2038	+0	+0	+0	+0	+0	+0	+0	+0	+0	+0	+0	+1	+2	+0	+0	+0	+0	+0	+0	+0	+0
ORTHOMCL2047	+0	+0	+0	+0	+1	+0	+0	+0	+0	+1	+0	+0	+0	+0	+0	+0	+0	+0	+0	+0	+0
ORTHOMCL2048	+0	+0	+0	+0	+0	-1	+0	+0	+0	+0	+0	+4	+0	+0	+0	+0	+0	+0	+0	+0	+0
ORTHOMCL2051	+0	+0	+0	+0	+1	+0	+0	+0	+0	+0	+0	+0	+0	+0	+0	+0	+1	+0	+0	+0	+0
ORTHOMCL2054	+0	+0	+0	+0	+0	+0	+0	+0	+0	+0	+0	+0	+0	+0	+0	+0	+3	+0	+0	+0	+0
ORTHOMCL2062	+0	+1	+0	+0	+0	+0	+0	+0	+0	+0	+0	+0	+0	+0	+0	+0	+2	+0	+0	+0	+0
ORTHOMCL2069	+0	+1	+0	+0	+0	+0	+0	+0	+0	+0	+0	+0	+0	+0	+0	+2	+0	+0	+0	+0	+0
ORTHOMCL2073	+0	+1	+0	+1	+0	+0	+0	+0	+0	+0	+0	+0	+0	+0	+0	+0	+1	+0	+0	+0	+0
ORTHOMCL2080	+0	+1	+0	+0	+0	+0	+0	+0	+0	+1	+0	+0	+0	+0	+0	+0	+1	+0	+0	+0	+0
ORTHOMCL2089	+2	+0	+0	+0	+0	+0	+0	+0	+0	+0	+0	+0	+0	+0	+0	+1	+0	+0	+0	+0	+0
ORTHOMCL2092	+0	+0	+0	+1	+1	+0	+0	+0	+0	+0	+0	+0	+0	+0	+0	+0	+0	+0	+0	+0	+0
ORTHOMCL2098	+2	+0	+0	+0	+0	+0	+0	+0	+0	+0	+0	+0	+0	+0	+0	+0	+1	+0	+0	+0	+0
ORTHOMCL2110	+2	+0	+0	+0	+0	+0	+0	+0	+0	+1	+0	+0	+0	+0	+0	+0	+0	+0	+0	+0	+0
ORTHOMCL2118	+2	+0	+0	+0	+0	+0	+0	+0	+0	+0	+0	+0	+0	+0	+0	+0	+1	+0	+0	+0	+0
ORTHOMCL2120	+0	+0	+0	+0	+2	+0	+0	+0	+0	+0	+0	+0	+0	+0	+0	+0	-1	+0	+0	+0	+0
ORTHOMCL2142	+0	+0	+0	+0	+0	+1	+0	+0	+0	+0	+0	+0	+1	+0	+0	+1	+0	+0	+0	+0	+0
ORTHOMCL2144	+0	+0	+0	+0	+0	+0	+0	+0	+0	+0	+0	+0	+0	+0	+0	+2	+1	+0	+0	+0	+0
ORTHOMCL2146	+0	+0	+0	+0	+1	+0	+0	+0	+0	+0	+0	+0	+0	+0	+0	+0	+1	+0	+0	+0	+0
ORTHOMCL2152	+0	+0	+0	+0	+0	+0	+0	+0	+0	+0	+0	+0	+0	+0	+0	+0	+3	+0	+0	+0	+0
ORTHOMCL2158	+0	+0	+0	+0	+0	+0	+0	+0	+0	+0	-1	+0	-1	+0	+0	-1	+0	+0	+0	+0	+0
ORTHOMCL2185	+0	+0	+0	+0	+0	+0	+0	+0	+0	+0	-1	+0	-1	+0	+0	+0	-1	+0	+0	+0	+0
ORTHOMCL2187	+0	+0	+0	+0	+0	+0	+0	+0	+0	+0	+0	+0	+0	+0	+0	+3	+0	+0	+0	+0	+0
ORTHOMCL2208	+1	+0	+0	+0	+1	-1	+0	+0	+0	+0	+0	+0	+0	+0	+0	+0	+0	+0	+0	+0	+0
ORTHOMCL2218	+1	+0	+0	+1	+0	+0	+0	+0	+0	+0	+0	+0	+0	+0	+0	+0	+0	+0	+0	+0	+0
ORTHOMCL2221	+0	+0	+0	+0	+1	+0	+0	+0	+0	+0	+0	+0	+0	+0	+0	+0	+0	+0	+0	+0	+0
ORTHOMCL2224	+1	+0	+0	+0	+0	+0	+0	+0	+0	+1	+0	+0	+0	+0	+0	+0	+0	+0	+0	+0	+0
ORTHOMCL2233	+1	+0	+0	+0	+0	+0	+0	+0	+0	+0	+0	+0	+0	+0	+0	+1	+0	+0	+0	+0	+0
ORTHOMCL2235	+1	+0	+0	+0	+0	+0	+0	+0	+0	+1	+0	+0	+0	+0	+0	+0	+0	+0	+0	+0	+0
ORTHOMCL2239	+0	+0	+0	+0	+0	+0	+0	+0	+0	+0	+0	+0	+0	+0	+0	+2	+0	+0	+0	+0	+0
ORTHOMCL2261	+0	+0	+0	+0	+0	+0	+0	+0	+0	+2	+0	+0	+0	+0	+0	+0	+0	+0	+0	+0	+0
ORTHOMCL2263	+0	+0	+0	+0	+0	+0	+0	+0	+0	+0	+0	+0	+1	+0	+0	+0	+1	+0	+0	+0	+0
ORTHOMCL2279	+0	+0	+0	+0	+0	+0	+0	+0	+0	+0	+0	+0	+0	+0	+0	+2	+0	+0	+0	+0	+0
ORTHOMCL2284	+0	+0	+0	+0	+1	+0	+0	+0	+0	+0	+0	+0	+0	+0	+0	+0	+0	+0	+0	+0	+0
ORTHOMCL2285	+0	+0	+0	+0	+0	+0	+0	+0	+0	+0	+0	+0	+0	+0	+0	+0	+2	+0	+0	+0	+0
ORTHOMCL2292	+0	+0	+0	+0	+0	+0	+0	+0	+0	+2	+0	+0	+0	+0	+0	+0	+0	+0	+0	+0	+0
ORTHOMCL2300	+0	+1	+0	+0	+0	+0	+0	+0	+0	+0	+0	+0	+0	+0	+0	+1	+0	+0	+0	+0	+0
ORTHOMCL2307	+0	+0	+0	+0	+0	+0	+0	+0	+0	+1	+0	+0	+0	+0	+0	+1	+0	+0	+0	+0	+0
ORTHOMCL2310	+0	+0	+0	+2	+0	+0	+0	+0	+0	+0	+0	+0	+0	+0	+0	+0	+0	+0	+0	+0	+0
ORTHOMCL2311	+0	+0	+0	+0	+0	+0	+0	+0	+0	+2	+0	+0	+0	+0	+0	+0	+0	+0	+0	+0	+0
ORTHOMCL2318	+0	+1	+0	+0	+0	+0	+0	+0	+0	+0	+0	+0	+0	+0	+0	+0	+1	+0	+0	+0	+0
ORTHOMCL2321	+0	+0	+0	+0	+0	+0	+0	+0	+0	+1	+0	+0	+0	+0	+0	+0	+1	+0	+0	+0	+0
ORTHOMCL2335	+0	+0	+0	+0	+0	+0	+0	+0	+0	+0	+0	+1	+0	+0	+0	+0	+1	+0	+0	+0	+0
ORTHOMCL2342	+1	+0	+0	+0	+0	+0	+0	+0	+0	+0	+0	+0	+0	+1	+0	+0	+0	+0	+0	+0	+0
ORTHOMCL2364	+0	+0	+0	+0	+0	+0	+0	+0	+0	+0	+0	+0	+0	+0	+0	+0	+2	+0	+0	+0	+0
ORTHOMCL2368	+0	+2	+0	+0	+0	+0	+0	+0	+0	+0	+0	+0	+0	+0	+0	+0	+0	+0	+0	+0	+0
ORTHOMCL2369	+0	+1	+0	+1	+0	+0	+0	+0	+0	+0	+0	+0	+0	+0	+0	+0	+0	+0	+0	+0	+0
ORTHOMCL2374	+0	+0	+0	+1	+0	+0	+0	+0	+0	+0	+0	+0	+0	+0	+0	+1	+0	+0	+0	+0	+0
ORTHOMCL2395	+0	+0	+0	+0	+0	+0	+0	+0	+0	+0	+0	+0	+0	+0	+0	+0	+2	+0	+0	+0	+0
ORTHOMCL2397	+1	+0	+1	+0	+0	+0	+0	+0	+0	+0	+0	+0	+0	+0	+0	+0	+0	+0	+0	+0	+0
ORTHOMCL2398	+0	+1	+0	+0	+0	+0	+0	+0	+0	+0	+0	+0	+0	+0	+0	+1	+0	+0	+0	+0	+0
ORTHOMCL2410	+0	+0	+0	+1	+0	+0	+0	+0	+0	+0	+0	+0	+0	+0	+0	+0	+1	+0	+0	+0	+0
ORTHOMCL2418	+0	+0	+0	+0	+0	+1	+0	+0	+0	+0	+0	+0	+0	+0	+0	+0	+1	+0	+0	+0	+0
ORTHOMCL2421	+0	+0	+0	+0	+0	+0	+0	+0	+0	+0	+0	+0	+0	+0	+0	+1	+1	+0	+0	+0	+0
ORTHOMCL2429	+0	+0	+0	+1	+0	+0	+0	+0	+0	+1	+0	+0	+0	+0	+0	+0	+0	+0	+0	+0	+0
ORTHOMCL2433	+0	+0	+0	+0	+1	+0	+0	+0	+0	+0	+0	+0	+0	+0	+0	+0	+0	+0	+0	+0	+0
ORTHOMCL2436	+0	+0	+0	+0	+0	+0	+0	+0	+0	+0	+0	+0	+0	+0	+0	+2	+0	+0	+0	+0	+0
ORTHOMCL2442	+0	+0	+0	+1	+0	+0	+0	+0	+0	+0	+0	+1	+0	+0	+0	+0	+0	+0	+0	+0	+0
ORTHOMCL2450	+0	+1	+0	+0	+0	+0	+0	+0	+0	+0	+0	+0	+0	+0	+0	+0	+1	+0	+0	+0	+0
ORTHOMCL2458	+0	+0	+0	+0	+1	+0	+0	+0	+0	+0	+0	+0	+0	+0	+0	+0	+0	+0	+0	+0	+0
ORTHOMCL2488	+0	+0	+0	+1	+0	+0	+0	+0	+0	+0	+0	+0	+0	+0	+0	+0	+1	+0	+0	+0	+0
ORTHOMCL2494	+0	+0	+0	+0	+0	+0	+0	+0	+0	+0	+0	+0	+0	+0	+0	+1	+1	+0	+0	+0	+0
ORTHOMCL2505	+1	+0	+0	+0	+0	+0	+0	+0	+0	+0	+0	+0	+0	+0	+0	+0	+1	+0	+0	+0	+0
ORTHOMCL2525	+0	+0	+0	+0	+0	+0	+0	+0	+0	+0	+0	+0	+0	+0	+0	+0	+2	+0	+0	+0	+0
ORTHOMCL2527	+0	+0	+0	+0	+0	+0	+0	+0	+0	+2	+0	+0	+0	+0	+0	+0	+0	+0	+0	+0	+0
ORTHOMCL2540	+0	+0	+0	+0	+1	+0	+0	+0	+0	+0	+0	+0	+0	+0	+0	-1	+1	+0	+0	+0	+0
ORTHOMCL2547	+1	+0	+0	+0	+0	+0	+0	+0	+0	+0	+0	+0	+0	+0	+0	+1	+0	+0	+0	+0	+0
ORTHOMCL2554	+0	+1	+0	+0	+0	+0	+0	+0	+0	+0	+0	+0	+0	+0	+0	+0	+1	+0	+0	+0	+0
ORTHOMCL2561	+0	+0	+0	+0	+0	+0	+0	+0	+0	+1	+0	+1	+0	+0	+0	+0	+0	+0	+0	+0	+0
ORTHOMCL2569	+1	+0	+0	+0	+0	+0	+0	+0	+0	+0	+0	+0	+0	+0	+0	+0	+1	+0	+0	+0	+0
ORTHOMCL2586	+1	+0	+0	+0	+0	+0	+0	+0	+0	+1	+0	+0	+0	+0	+0	+0	+0	+0	+0	+0	+0
ORTHOMCL2598	+0	+1	+0	+0	+0	+0	+0	+0	+0	+0	+0	+1	+0	+0	+0	+0	+0	+0	+0	+0	+0
ORTHOMCL2620	+0	+0	+0	+0	+0	+0	+0	+0	+0	+0	+0	+0	+0	+2	+0	+0	+0	+0	+0	+0	+0
ORTHOMCL2623	+0	+0	+0	+0	+0	+0	+0	+0	+0	+0	+0	+0	+0	+0	+0	+0	+2	+0	+0	+0	+0
ORTHOMCL2642	+0	+1	+0	+0	+0	+0	+0	+0	+0	+0	+0	+1	+0	+0	+0	+0	+0	+0	+0	+0	+0
ORTHOMCL2646	+0	+0	+0	+0	+0	+1	+0	+0	+0	+0	+0	+0	+0	+0	+0	+0	+1	+0	+0	+0	+0
ORTHOMCL2650	+0	+0	+0	+0	+0	+0	+0	+0	+0	+0	+0	+0	+0	+2	+0	+0	+0	+0	+0	+0	+0
ORTHOMCL2654	+0	+0	+0	+0	+0	+0	+0	+0	+0	+0	+0	+0	+1	+0	+0	+0	+1	+0	+0	+0	+0
ORTHOMCL2669	+0	+1	+0	+0	+0	+0	+0	+0	+0	+0	+0	+0	+0	+0	+0	+1	+0	+0	+0	+0	+0
ORTHOMCL2670	+0	+0	+0	+0	+0	+0	+0	+0	+0	+1	+0	+0	+0	+0	+0	+1	+0	+0	+0	+0	+0
ORTHOMCL2677	+0	+0	+0	+0	+0	+0	+0	+0	+0	+1	+0	+0	+0	+0	+0	+1	+0	+0	+0	+0	+0
ORTHOMCL2680	+0	+0	+0	+1	+0	+1	+0	+0	+0	+0	+0	+0	+0	+0	+0	+0	+0	+0	+0	+0	+0
ORTHOMCL2683	+0	+0	+0	+0	+1	+0	+0	+0	+0	+0	+0	+0	+0	+0	+0	+0	+0	+0	+0	+0	+0
ORTHOMCL2692	+0	+0	+0	+1	+0	+0	+0	+0	+0	+0	+0	+0	+1	+0	+0	+0	+0	+0	+0	+0	+0
ORTHOMCL2700	+0	+2	+0	+0	+0	+0	+0	+0	+0	+0	+0	+0	+0	+0	+0	+0	+0	+0	+0	+0	+0
ORTHOMCL2701	+0	+0	+0	+0	+0	+0	+0	+0	+0	+1	+0	+0	+0	+1	+0	+0	+0	+0	+0	+0	+0
ORTHOMCL2707	+0	-1	+0	+0	+0	+0	+0	+0	+0	+0	+0	+0	-1	+0	+0	+0	+1	+0	-1	+0	+0
ORTHOMCL2708	+0	+0	+0	+1	+0	+0	+0	+0	+0	+1	+0	+0	+0	+0	+0	+0	+0	+0	+0	+0	+0
ORTHOMCL2709	+0	+0	+0	+1	+0	+0	+0	+0	+0	+0	+0	+0	+0	+0	+0	+0	+1	+0	+0	+0	+0
ORTHOMCL2716	+0	+0	+0	+0	+0	+0	+0	+0	+0	+0	+0	+0	+1	+0	+0	+1	+0	+0	+0	+0	+0
ORTHOMCL2718	+0	+0	+0	+0	+0	+0	+0	+0	+0	+1	+0	+0	+0	+0	+0	+1	+0	+0	+0	+0	+0
ORTHOMCL2727	+0	+0	+0	+0	+0	+0	+0	+0	+0	+0	+0	+0	+0	+0	+0	+1	+1	+0	+0	+0	+0
ORTHOMCL2729	+0	+0	+0	+0	+0	+0	+0	+0	+0	+0	+0	+0	+0	+0	+0	+2	+0	+0	+0	+0	+0
ORTHOMCL2735	+0	+0	+0	+1	+0	+0	+0	+0	+0	+0	+0	+0	+0	+0	+0	+0	+1	+0	+0	+0	+0
ORTHOMCL2737	+0	+0	+0	+0	+0	+0	+0	+0	+0	+0	+0	+0	+0	+0	+0	+2	+0	+0	+0	+0	+0
ORTHOMCL2747	+0	+0	+0	+0	+0	+0	+0	+0	+0	+2	+0	+0	+0	+0	+0	+0	+0	+0	+0	+0	+0
ORTHOMCL2748	+0	+0	+0	+0	+0	+0	+0	+0	+0	+0	+0	+0	-1	+2	+0	+1	+0	+0	+0	+0	+0
ORTHOMCL2750	+0	+0	+0	+0	+1	+0	+0	+0	+0	+0	+0	+0	+0	+0	+0	+0	+0	+0	+0	+0	+0
ORTHOMCL2751	+1	+0	+0	+0	+0	+0	+0	+0	+0	+0	+0	+0	+0	+0	+0	+0	+1	+0	+0	+0	+0
ORTHOMCL2753	+0	+0	+0	+0	+0	+0	+0	+0	+0	+0	+0	+0	+0	+0	+0	+0	+2	+0	+0	+0	+0
ORTHOMCL2759	+0	+0	+0	+0	+0	+0	+0	+0	+0	+0	+0	+0	+0	+0	+0	+0	+2	+0	+0	+0	+0
ORTHOMCL2766	+0	+0	+0	+0	+1	+0	+0	+0	+0	+0	+0	+0	+0	+0	+0	+0	+0	+0	+0	+0	+0
ORTHOMCL2773	+0	+0	+0	+0	+0	+0	+0	+0	+0	+0	+0	+0	+0	+0	+0	+2	+0	+0	+0	+0	+0
ORTHOMCL2780	+0	+1	+0	+0	+0	+0	+0	+0	+0	+0	+0	+0	+0	+0	+0	+1	+0	+0	+0	+0	+0
ORTHOMCL2788	+2	+0	+0	+0	+0	+0	+0	+0	+0	+0	+0	+0	+0	+0	+0	+0	+0	+0	+0	+0	+0
ORTHOMCL2789	+0	+0	+0	+0	+0	+1	+0	+0	+0	+0	+0	+0	+0	+0	+0	+0	+1	+0	+0	+0	+0
ORTHOMCL2798	+0	+0	+0	+0	+1	+0	+0	+0	+0	+0	+0	+0	+0	+0	+0	+0	+0	+0	+0	+0	+0
ORTHOMCL2806	+0	+0	+0	+0	+0	+0	+0	+0	+0	+0	+0	+0	+0	+0	+0	+1	+1	+0	+0	+0	+0
ORTHOMCL2816	+0	+0	+0	+0	+0	+0	+0	+0	+0	+1	+0	+0	+0	+0	+0	+1	+0	+0	+0	+0	+0
ORTHOMCL2825	+0	+0	+0	+0	+1	+0	+0	+0	+0	+0	+0	+0	+0	+0	+0	+0	+0	+0	+0	+0	+0
ORTHOMCL2827	+0	+0	+0	+0	+0	+0	+0	+0	+0	+1	+0	+0	+0	+1	+0	+0	+0	+0	+0	+0	+0
ORTHOMCL2843	+0	+1	+0	+0	+0	+0	+0	+0	+0	+0	+0	+0	+0	+0	+0	+1	+0	+0	+0	+0	+0
ORTHOMCL2845	+0	+1	+0	+0	+0	+0	+0	+0	+0	+0	+0	+0	+0	+0	+0	+1	+0	+0	+0	+0	+0
ORTHOMCL2850	+0	+0	+0	+0	+1	+0	+0	+0	+0	+0	+0	+0	+0	+0	+0	+0	+0	+0	+0	+0	+0
ORTHOMCL2852	+0	+0	+0	+0	+0	+0	+0	+0	+0	+0	+0	+0	+0	+0	+0	+1	+1	+0	+0	+0	+0
ORTHOMCL2855	+0	+0	+0	+0	+1	+0	+0	+0	+0	+0	+0	+0	+0	+0	+0	+0	+0	+0	+0	+0	+0
ORTHOMCL2858	+0	+0	+0	+0	+0	+0	+0	+0	+0	+2	+0	+0	+0	+0	+0	+0	+0	+0	+0	+0	+0
ORTHOMCL2866	+0	+0	+0	+0	+0	+0	+0	+0	+0	+0	+0	+1	+0	+0	+0	+0	+1	+0	+0	+0	+0
ORTHOMCL2871	+0	+0	+0	+0	+1	+0	+0	+0	+0	+0	+0	+0	+0	+0	+0	+0	+0	+0	+0	+0	+0
ORTHOMCL2885	+0	+0	+0	+0	+0	+0	+0	+0	+0	+0	+0	+0	+0	+2	+0	+0	+0	+0	+0	+0	+0
ORTHOMCL2889	+1	+0	+0	+0	+0	+0	+0	+0	+0	+0	+0	+0	+0	+0	+0	+0	+1	+0	+0	+0	+0
ORTHOMCL2890	+0	+0	+0	+0	+0	+0	+0	+0	+0	+1	+0	+0	+0	+1	+0	+0	+0	+0	+0	+0	+0
ORTHOMCL2896	+0	+0	+0	+0	+0	+0	+0	+0	+0	+0	+0	+0	+0	+1	+0	+1	+0	+0	+0	+0	+0
ORTHOMCL2902	+0	+0	+0	+0	+0	+0	+0	+0	+0	+1	+0	+0	+0	+0	+0	+1	+0	+0	+0	+0	+0
ORTHOMCL2917	+0	+0	+0	+0	+0	+0	+0	+0	+0	+0	+0	+0	+0	+1	+0	+0	+1	+0	+0	+0	+0
ORTHOMCL2918	+0	+0	+0	+0	+0	+0	+0	+0	+0	+0	+0	+0	+0	+0	+0	+2	+0	+0	+0	+0	+0
ORTHOMCL2947	+0	+0	+0	+0	+0	+0	+0	+0	+0	+0	+0	+0	+0	+0	+0	+2	+0	+0	+0	+0	+0
ORTHOMCL2957	+0	+1	+0	+0	+0	+0	+0	+0	+0	+0	+0	+0	+0	+0	+0	+1	+0	+0	+0	+0	+0
ORTHOMCL2958	+0	+1	+0	+0	+0	+0	+0	+0	+0	+0	+0	+0	+0	+1	+0	+0	+0	+0	+0	+0	+0
ORTHOMCL2971	+0	+0	+0	-1	+0	+0	+0	+0	+0	+1	+0	+0	+0	+2	+0	+0	+0	+0	+0	+0	+0
ORTHOMCL2975	+0	+0	+0	-1	+0	-1	+0	+0	+0	+0	+0	+0	+0	+0	+0	+0	+4	+0	+0	+0	+0
ORTHOMCL2990	+0	+0	+0	+1	+0	+0	+0	+0	+0	+0	+0	+0	+0	+0	+0	+0	+0	+0	+0	+0	+0
ORTHOMCL2991	+0	+0	+0	+1	+0	+0	+0	+0	+0	+0	+0	+0	+0	+0	+0	+0	+0	+0	+0	+0	+0
ORTHOMCL3002	+0	+0	+0	+1	+0	+0	+0	+0	+0	+0	+0	+0	+0	+0	+0	+0	+0	+0	+0	+0	+0
ORTHOMCL3008	+0	+0	+0	+0	+0	+0	+0	+0	+0	+0	+0	+1	+0	+0	+0	+0	+0	+0	+0	+0	+0
ORTHOMCL3015	+0	+0	+0	+0	+0	+0	+0	+0	+0	+0	+0	+0	+0	+0	+0	+0	+1	+0	+0	+0	+0
ORTHOMCL3028	+0	+0	+0	+0	+0	+0	+0	+0	+0	+1	+0	+0	+0	+0	+0	+0	+0	+0	+0	+0	+0
ORTHOMCL3033	+0	+1	+0	+1	+0	+0	+0	+0	+0	+0	+0	+0	-1	+0	+0	+0	+0	+0	+0	+0	+0
ORTHOMCL3034	+0	+0	+0	+0	+0	+0	+0	+0	+0	+0	+0	+0	+0	+1	+0	+0	+0	+0	+0	+0	+0
ORTHOMCL3036	+1	+0	+0	+0	+0	+0	+0	+0	+0	+0	+0	+0	+0	+0	+0	+0	+0	+0	+0	+0	+0
ORTHOMCL3048	+0	+0	+0	+0	+0	+0	+0	+0	+0	+0	+0	+0	+0	+1	+0	+0	+0	+0	+0	+0	+0
ORTHOMCL3051	+0	+0	+0	+0	+0	+0	+0	+0	+0	+0	+0	+0	+0	+0	+0	+0	+1	+0	+0	+0	+0
ORTHOMCL3087	+0	+0	+0	+0	+0	+0	+0	+0	+0	+0	+0	+0	+0	+1	+0	+0	+0	+0	+0	+0	+0
ORTHOMCL3113	+0	+2	+0	+0	+0	+0	+0	+0	+0	+0	+0	+0	+0	+0	+0	+0	-1	+0	+0	+0	+0
ORTHOMCL3119	+0	+0	+0	+0	+0	+0	+0	+0	+0	+0	+0	+0	+0	+0	+0	+0	+1	+0	+0	+0	+0
ORTHOMCL3120	+0	+0	+0	+0	+0	+0	+0	+0	+0	+0	+0	+0	+0	+0	+0	+1	+0	+0	+0	+0	+0
ORTHOMCL3138	+0	+0	+0	+0	+0	+0	+0	+0	+0	+1	+0	+0	+0	+0	+0	+0	+0	+0	+0	+0	+0
ORTHOMCL3141	+0	+0	+0	+0	+0	+0	+0	+0	+0	+1	+0	+0	+0	+0	+0	+0	+0	+0	+0	+0	+0
ORTHOMCL3158	+0	+0	+0	+0	+0	+0	+0	+0	+0	+0	+0	+0	+0	+1	+0	+0	+0	+0	+0	+0	+0
ORTHOMCL3165	+0	+0	+0	+1	+0	+0	+0	+0	+0	+0	+0	+0	+0	+0	+0	+0	+0	+0	+0	+0	+0
ORTHOMCL3170	+0	+0	+0	+1	+0	+0	+0	+0	+0	+0	+0	+0	+0	+0	+0	+0	+0	+0	+0	+0	+0
ORTHOMCL3175	+0	+0	+0	+0	+0	+0	+0	+0	+0	+0	+0	+0	+0	+0	+0	+1	+0	+0	+0	+0	+0
ORTHOMCL3204	+0	+0	+0	+0	+0	+0	+0	+0	+0	+0	+0	+0	+0	+0	+0	+0	+1	+0	+0	+0	+0
ORTHOMCL3205	+0	+0	+0	+0	+0	+0	+0	+0	+0	+1	+0	+0	+0	+0	+0	+0	+0	+0	+0	+0	+0
ORTHOMCL3206	+0	+0	+0	+0	+0	+0	+0	+0	+0	+0	+0	+1	+0	+0	+0	+0	+0	+0	+0	+0	+0
ORTHOMCL3210	+0	+0	+0	+0	+0	+0	+0	+0	+0	+1	+0	+0	+0	+0	+0	+0	+0	+0	+0	+0	+0
ORTHOMCL3213	+0	+0	+0	+0	+0	+0	+0	+0	+0	+0	+0	+1	+0	+0	+0	+0	+0	+0	+0	+0	+0
ORTHOMCL3224	+0	+0	+0	+0	+0	+0	+0	+0	+0	+0	+0	+0	+0	+0	+0	+1	+0	+0	+0	+0	+0
ORTHOMCL3234	+0	+0	+0	+1	+0	+0	+0	+0	+0	+0	+0	+0	+0	+0	+0	+0	+0	+0	+0	+0	+0
ORTHOMCL3246	+0	+0	+0	+0	+0	+0	+0	+0	+0	+0	+0	+0	+0	+0	+0	+0	+1	+0	+0	+0	+0
ORTHOMCL3254	+1	+0	+0	+0	+0	+0	+0	+0	+0	+0	+0	+0	+0	+0	+0	+0	+0	+0	+0	+0	+0
ORTHOMCL3255	+0	+1	+0	+0	+0	+0	+0	+0	+0	+0	+0	+0	+0	+0	+0	+0	+0	+0	+0	+0	+0
ORTHOMCL3271	+0	+0	+0	+0	+0	+0	+0	+0	+0	+0	+0	+0	+0	+0	+0	+0	+1	+0	+0	+0	+0
ORTHOMCL3272	+0	+0	+0	+0	+0	+0	+0	+0	+0	+0	+0	+0	+0	+0	+0	+1	+0	+0	+0	+0	+0
ORTHOMCL3277	+0	+0	+0	+1	+0	+0	+0	+0	+0	+0	+0	+0	+0	+0	+0	+0	+0	+0	+0	+0	+0
ORTHOMCL3283	+0	+0	+0	+0	+0	+0	+0	+0	+0	+0	+0	+0	+0	+0	+0	+1	+0	+0	+0	+0	+0
ORTHOMCL3285	+0	+1	+0	+0	+0	+0	+0	+0	+0	+0	+0	+1	-1	+0	+0	+0	+0	+0	+0	+0	+0
ORTHOMCL3294	+0	+0	+0	+0	+0	+0	+0	+0	+0	+1	+0	+0	+0	+0	+0	+0	+0	+0	+0	+0	+0
ORTHOMCL3302	+0	+0	+0	+1	+0	+0	+0	+0	+0	+0	+0	+0	+0	+0	+0	+0	+0	+0	+0	+0	+0
ORTHOMCL3315	+0	+0	+0	+0	+0	+0	+0	+0	+0	+1	+0	+0	+0	+0	+0	+0	+0	+0	+0	+0	+0
ORTHOMCL3316	+0	+0	+0	+0	+0	+0	+0	+0	+0	+0	+0	+0	+0	+0	+0	+0	+1	+0	+0	+0	+0
ORTHOMCL3321	+0	+0	+0	+0	+0	+0	+0	+0	+0	+0	+0	+0	+0	+0	+0	+0	+1	+0	+0	+0	+0
ORTHOMCL3327	+0	+0	+0	+0	+0	+0	+0	+0	+0	+0	+0	+0	+0	+0	+0	+0	+1	+0	+0	+0	+0
ORTHOMCL3331	+1	+0	+0	+0	+0	+0	+0	+0	+0	+0	+0	+0	+0	+0	+0	+0	+0	+0	+0	+0	+0
ORTHOMCL3336	+0	+0	+0	+0	+0	-1	+0	+0	+0	+0	+0	+0	+0	+0	+0	+0	+2	+0	+0	+0	+0
ORTHOMCL3340	+0	+1	+0	+0	+0	+0	+0	+0	+0	+0	+0	+0	+0	+0	+0	+0	+0	+0	+0	+0	+0
ORTHOMCL3344	+0	+0	+0	+0	+0	+0	+0	+0	+0	+1	+0	+0	+0	+0	+0	+0	+0	+0	+0	+0	+0
ORTHOMCL3351	+0	+0	+0	+0	+0	+0	+0	+0	+0	+0	+0	+0	+0	+0	+0	+0	+1	+0	+0	+0	+0
ORTHOMCL3354	+0	+0	+0	+1	+0	+0	+0	+0	+0	+0	+0	+0	+0	+0	+0	+0	+0	+0	+0	+0	+0
ORTHOMCL3367	+0	+0	+0	+0	+0	+0	+0	+0	+0	+0	+0	+0	+0	+0	+0	+1	+0	+0	+0	+0	+0
ORTHOMCL3374	+0	+0	+0	+0	+0	+0	+0	+0	+0	+0	+0	+0	+0	+0	+0	+0	+1	+0	+0	+0	+0
ORTHOMCL3407	+0	+0	+0	+0	+0	+0	+0	+0	+0	+0	+0	+0	+0	+0	+0	+0	+1	+0	+0	+0	+0
ORTHOMCL3408	+0	+0	+0	+0	+0	+0	+0	+0	+0	+0	+0	+0	+0	+0	+0	+0	+1	+0	+0	+0	+0
ORTHOMCL3425	+0	+0	+0	+0	+0	+0	+0	+0	+0	+0	+0	+0	+1	+0	+0	+0	+0	+0	+0	+0	+0
ORTHOMCL3442	+0	+0	+0	+0	+0	+0	+0	+0	+0	+1	+0	+0	+0	+0	+0	+0	+0	+0	+0	+0	+0
ORTHOMCL3443	+0	+1	+0	+0	+0	+0	+0	+0	+0	+0	+0	+0	+0	+0	+0	+0	+0	+0	+0	+0	+0
ORTHOMCL3450	+0	+0	+0	+0	+0	+0	+0	+0	+0	+1	+0	+0	+0	+0	+0	+0	+0	+0	+0	+0	+0
ORTHOMCL3464	+0	+0	+0	+0	+0	+0	+0	+0	+0	+0	+0	+0	+0	+0	+0	+0	+1	+0	+0	+0	+0
ORTHOMCL3469	+0	+0	+0	+0	+0	+0	+0	+0	+0	+0	+0	+0	+1	+0	+0	+0	+0	+0	+0	+0	+0
ORTHOMCL3479	+0	+0	+0	+0	+0	+0	+0	+0	+0	+0	+0	+0	+0	+0	+0	+0	+1	+0	+0	+0	+0
ORTHOMCL3482	+0	+0	+0	+0	+0	+0	+0	+0	+0	+0	+0	+0	+0	+0	+0	+0	+1	+0	+0	+0	+0
ORTHOMCL3513	+0	+0	+0	+0	+0	+0	+0	+0	+0	+0	+0	+0	+0	+0	+0	+1	+0	+0	+0	+0	+0
ORTHOMCL3519	+0	+1	+0	+0	+0	+0	+0	+0	+0	+0	+0	+0	+0	+0	+0	+0	+0	+0	+0	+0	+0
ORTHOMCL3528	+0	+0	+0	+1	+0	+0	+0	+0	+0	+1	+0	+0	-1	+0	+0	+0	+0	+0	+0	+0	+0
ORTHOMCL3542	+0	+0	+0	+0	+0	+0	+0	+0	+0	+0	+0	+0	+0	+1	+0	+0	+0	+0	+0	+0	+0
ORTHOMCL3552	+0	+0	+0	+0	+0	+0	+0	+0	+0	+1	+0	+0	+0	+0	+0	+0	+0	+0	+0	+0	+0
ORTHOMCL3569	+0	+0	+0	+1	+0	+0	+0	+0	+0	+0	+0	+0	+0	+0	+0	+0	+0	+0	+0	+0	+0
ORTHOMCL3577	+0	+0	+0	+0	+0	+0	+0	+0	+0	+1	+0	+0	+0	+0	+0	+0	+0	+0	+0	+0	+0
ORTHOMCL3605	+0	+0	+0	+0	+0	+0	+0	+0	+0	+0	+0	+0	+1	+0	+0	+0	+0	+0	+0	+0	+0
ORTHOMCL3609	+0	+0	+0	+0	+0	+0	+0	+0	+0	+1	+0	+0	+0	+0	+0	+0	+0	+0	+0	+0	+0
ORTHOMCL3610	+0	+0	+0	+1	+0	+0	+0	+0	+0	+0	+0	+0	+0	+0	+0	+0	+0	+0	+0	+0	+0
ORTHOMCL3612	+0	+0	+0	+0	+0	+0	+0	+0	+0	+0	+0	+1	+0	+0	+0	+0	+0	+0	+0	+0	+0
ORTHOMCL3621	+0	+0	+0	+0	+0	+0	+0	+0	+0	+0	+0	+0	+0	+1	+0	+0	+0	+0	+0	+0	+0
ORTHOMCL3623	+0	+0	+0	+0	+0	+0	+0	+0	+0	+1	+0	+0	+0	+0	+0	+0	+0	+0	+0	+0	+0
ORTHOMCL3633	+0	+0	+0	+0	+0	+0	+0	+0	+0	+0	+0	+0	+1	+0	+0	+0	+0	+0	+0	+0	+0
ORTHOMCL3638	+0	+0	+0	+0	+0	+0	+0	+0	+0	+0	+0	+0	+0	+1	+0	+0	+0	+0	+0	+0	+0
ORTHOMCL3677	+0	+0	+0	+0	+0	+0	+0	+0	+0	+0	+0	+0	+0	+0	+0	+0	+1	+0	+0	+0	+0
ORTHOMCL3680	+0	+0	+0	+0	+0	+0	+0	+0	+0	+0	+0	+0	+0	+1	+0	+0	+0	+0	+0	+0	+0
ORTHOMCL3692	+0	+0	+0	+0	+0	+1	+0	+0	+0	+0	+0	+0	+0	+0	+0	+0	+0	+0	+0	+0	+0
ORTHOMCL3706	+0	+0	+0	+0	+0	+0	+0	+0	+0	+0	+0	+0	+1	+0	+0	+0	+0	+0	+0	+0	+0
ORTHOMCL3707	+1	+0	+0	+0	+0	+0	+0	+0	+0	+0	+0	+0	+0	+0	+0	+0	+0	+0	+0	+0	+0
ORTHOMCL3709	+1	+0	+0	+0	+0	+0	+0	+0	+0	+0	+0	+0	+0	+0	+0	+0	+0	+0	+0	+0	+0
ORTHOMCL3729	+0	+0	+0	+0	+0	+0	+0	+0	+0	+1	+0	+0	+0	+0	+0	+0	+0	+0	+0	+0	+0
ORTHOMCL3731	+0	+0	+0	+0	+0	+0	+0	+0	+0	+0	+0	+0	+0	+0	+0	+1	+0	+0	+0	+0	+0
ORTHOMCL3747	+0	+0	+0	+0	+0	+1	+0	+0	+0	+0	+0	+0	+1	-1	+0	+0	+0	+0	+0	+0	+0
ORTHOMCL3752	+0	+0	+0	+0	+0	+0	+0	+0	+0	+0	+0	+0	+0	+0	+0	+0	+1	+0	+0	+0	+0
ORTHOMCL3753	+0	+0	+0	+0	+0	+0	+0	+0	+0	+0	+0	+0	+1	+0	+0	+0	+0	+0	+0	+0	+0
ORTHOMCL3754	+0	+0	+0	+0	+0	+0	+0	+0	+0	+0	+0	+0	+0	+0	+0	+1	+0	+0	+0	+0	+0
ORTHOMCL3765	+0	+0	+0	+0	+0	+0	+0	+0	+0	+0	+0	+0	+1	+0	+0	+0	+0	+0	+0	+0	+0
ORTHOMCL3772	+0	+0	+0	+0	+0	+0	+0	+0	+0	+0	+0	+0	+0	+0	+0	+1	+0	+0	+0	+0	+0
ORTHOMCL3775	+0	+0	+0	+0	+0	+0	+0	+0	+0	+0	+0	+0	+0	+0	+0	+0	+1	+0	+0	+0	+0
ORTHOMCL3777	+1	+0	+0	+0	+0	+0	+0	+0	+0	+0	+0	+0	+0	+0	+0	+0	+0	+0	+0	+0	+0
ORTHOMCL3790	+0	+0	+0	+0	+0	+1	+0	+0	+0	+0	+0	+0	+0	+0	+0	+0	+0	+0	+0	+0	+0
ORTHOMCL3799	+0	+0	+0	+0	+0	+0	+0	+0	+0	+0	+0	+0	+0	+0	+0	+1	+0	+0	+0	+0	+0
ORTHOMCL3801	+0	+0	+0	+0	+0	+0	+0	+0	+0	+0	+0	+0	+0	+0	+0	+1	+0	+0	+0	+0	+0
ORTHOMCL3811	+0	+0	+0	+0	+0	+0	+0	+0	+0	+0	+0	+0	+0	+1	+0	+0	+0	+0	+0	+0	+0
ORTHOMCL3816	+0	+1	+0	+0	+0	+0	+0	+0	+0	+0	+0	+0	+0	+0	+0	+0	+0	+0	+0	+0	+0
ORTHOMCL3818	+0	+0	+0	+0	+0	+0	+0	+0	+0	+0	+0	+0	+0	+0	+0	+1	+0	+0	+0	+0	+0
ORTHOMCL3822	+0	+0	+0	+0	+0	+0	+0	+0	+0	+0	+0	+0	+0	+0	+0	+0	+1	+0	+0	+0	+0
ORTHOMCL3832	+0	+0	+0	+0	+0	+0	+0	+0	+0	+1	+0	+0	+0	+0	+0	+0	+0	+0	+0	+0	+0
ORTHOMCL3833	+0	+0	+0	+0	+0	+0	+0	+0	+0	+0	+0	+0	+1	+0	+0	+0	+0	+0	+0	+0	+0
ORTHOMCL3837	+1	+0	+0	+0	+0	+0	+0	+0	+0	+0	+0	+0	+0	+0	+0	+0	+0	+0	+0	+0	+0
ORTHOMCL3845	+0	+0	+0	+0	+0	+0	+0	+0	+0	+0	+0	+1	+0	+0	+0	+0	+0	+0	+0	+0	+0
ORTHOMCL3850	+0	+0	+0	+0	+0	+0	+0	+0	+0	+0	+0	+2	-1	+0	+0	+0	+0	+0	+0	+0	+0
ORTHOMCL3860	+0	+1	+0	+0	+0	+0	+0	+0	+0	+0	+0	+0	+0	+0	+0	+0	+0	+0	+0	+0	+0
ORTHOMCL3876	+0	+0	+0	+0	+0	+0	+0	+0	+0	+0	+0	+0	+0	+0	+0	+0	+1	+0	+0	+0	+0
ORTHOMCL3882	+0	+0	+0	+0	+0	+0	+0	+0	+0	+0	+0	+0	+1	+0	+0	+0	+0	+0	+0	+0	+0
ORTHOMCL3884	+0	+0	+0	+0	+0	+0	+0	+0	+0	+0	+0	+0	+0	+1	+0	+0	+0	+0	+0	+0	+0
ORTHOMCL3891	+0	+0	+0	+0	+0	+0	+0	+0	+0	+0	+0	+0	+0	+1	+0	+0	+0	+0	+0	+0	+0
ORTHOMCL3904	+0	+1	+0	+0	+0	-1	+0	+0	+0	+1	+0	+0	+0	+0	+0	+0	+0	+0	+0	+0	+0
ORTHOMCL3907	+0	+1	+0	+0	+0	+0	+0	+0	+0	+0	+0	+0	+0	+0	+0	+0	+0	+0	+0	+0	+0
ORTHOMCL3908	+0	+0	+0	+0	+0	+0	+0	+0	+0	+0	+0	+0	+0	+0	+0	+1	+0	+0	+0	+0	+0
ORTHOMCL3910	+0	+0	+0	+1	+0	+0	+0	+0	+0	+0	+0	+0	+0	+0	+0	+0	+0	+0	+0	+0	+0
ORTHOMCL3912	+0	+0	+0	+1	+0	+0	+0	+0	+0	+0	+0	+0	+0	+0	+0	+0	+0	+0	+0	+0	+0
ORTHOMCL3914	+0	+0	+0	+0	+0	+0	+0	+0	+0	+0	+0	+0	+0	+0	+0	+0	+1	+0	+0	+0	+0
ORTHOMCL3928	+0	+0	+0	+0	+0	+1	+0	+0	+0	+0	+0	+0	+0	+0	+0	+0	+0	+0	+0	+0	+0
ORTHOMCL3929	+0	+0	+0	+0	+0	+0	+0	+0	+0	+0	+0	+1	+0	+0	+0	+0	+0	+0	+0	+0	+0
ORTHOMCL3947	+0	+0	+0	+0	+0	+0	+0	+0	+0	+0	+0	+0	+0	+0	+0	+0	+1	+0	+0	+0	+0
ORTHOMCL3965	+0	+0	+0	+0	+0	+1	+0	+0	+0	+0	+0	+0	+0	+0	+0	+0	+0	+0	+0	+0	+0
ORTHOMCL3967	+0	+1	+0	+0	+0	+0	+0	+0	+0	+0	+0	+0	+0	+0	+0	+0	+0	+0	+0	+0	+0
ORTHOMCL3968	+0	+0	+0	+0	+0	+0	+0	+0	+0	+0	+0	+0	+0	+0	+0	+0	+1	+0	+0	+0	+0
ORTHOMCL3973	+0	+0	+0	+0	+0	+0	+0	+0	+0	+0	+0	+0	+0	+0	+0	+1	+0	+0	+0	+0	+0
ORTHOMCL3975	+0	+0	+0	+0	+0	+0	+0	+0	+0	+0	+0	+0	+0	+0	+0	+0	+1	+0	+0	+0	+0
ORTHOMCL3979	+0	+0	+0	+1	+0	+0	+0	+0	+0	+0	+0	+0	+0	+0	+0	+0	+0	+0	+0	+0	+0
ORTHOMCL4012	+1	+0	+0	+0	+0	+0	+0	+0	+0	+0	+0	+0	+0	+0	+0	+0	+0	+0	+0	+0	+0
ORTHOMCL4013	+0	+0	+0	+0	+0	+0	+0	+0	+0	+0	+0	+0	+0	+0	+0	+1	+0	+0	+0	+0	+0
ORTHOMCL4015	+0	+0	+0	+0	+0	+0	+0	+0	+0	+0	+0	+0	+0	+0	+0	+0	+1	+0	+0	+0	+0
ORTHOMCL4016	+0	+0	+0	+1	+0	+0	+0	+0	+0	+0	+0	+0	+0	+0	+0	+0	+0	+0	+0	+0	+0
ORTHOMCL4020	+0	+0	+0	+0	+0	+0	+0	+0	+0	+0	+0	+0	+1	+0	+0	+0	+0	+0	+0	+0	+0
ORTHOMCL4040	+0	+0	+0	+0	+0	+0	+0	+0	+0	+0	+0	+1	+0	-1	+0	+1	+0	+0	+0	+0	+0
ORTHOMCL4049	+0	+0	+0	+0	+0	+0	+0	+0	+0	+0	+0	+0	+0	+0	+0	+1	+0	+0	+0	+0	+0
ORTHOMCL4050	+0	+0	+0	+0	+0	+0	+0	+0	+0	+1	+0	+0	+0	+0	+0	+0	+0	+0	+0	+0	+0
ORTHOMCL4067	+0	+0	+0	+0	+0	+0	+0	+0	+0	+0	+0	+0	+0	+1	+0	+0	+0	+0	+0	+0	+0
ORTHOMCL4091	+0	+0	+0	+0	+0	+0	+0	+0	+0	+0	+0	+0	+0	+0	+0	+0	+1	+0	+0	+0	+0
ORTHOMCL4117	+0	+0	+0	+0	+0	+0	+0	+0	+0	+0	+0	+0	+1	+0	+0	+0	+0	+0	+0	+0	+0
ORTHOMCL4118	+0	+0	+0	+0	+0	+0	+0	+0	+0	+1	+0	+0	+0	+0	+0	+0	+0	+0	+0	+0	+0
ORTHOMCL4130	+0	+0	+0	+0	+0	+0	+0	+0	+0	+1	+0	+0	+0	+0	+0	+0	+0	+0	+0	+0	+0
ORTHOMCL4142	+0	+0	+0	+0	+0	+0	+0	+0	+0	+0	+0	+0	+0	+0	+0	+0	+1	+0	+0	+0	+0
ORTHOMCL4156	+0	+0	+0	+0	+0	+0	+0	+0	+0	+1	+0	+0	+0	+0	+0	+0	+0	+0	+0	+0	+0
ORTHOMCL4164	+0	+0	+0	+0	+0	+0	+0	+0	+0	+1	+0	+0	+0	+0	+0	+0	+0	+0	+0	+0	+0
ORTHOMCL4174	+0	+0	+0	+0	+0	+0	+0	+0	+0	+0	+0	+0	+0	+1	+0	+0	+0	+0	+0	+0	+0
ORTHOMCL4179	+0	+0	+0	+0	+0	+0	+0	+0	+0	+1	+0	+0	+0	+0	+0	+0	+0	+0	+0	+0	+0
ORTHOMCL4182	+0	+0	+0	+0	+0	+0	+0	+0	+0	+1	+0	+0	+0	+0	+0	+0	+0	+0	+0	+0	+0
ORTHOMCL4185	+0	+1	+0	+0	+0	+0	+0	+0	+0	+0	+0	+0	+0	+0	+0	+0	+0	+0	+0	+0	+0
ORTHOMCL4188	+0	+0	+0	+0	+0	+0	+0	+0	+0	+0	+0	+0	+0	+0	+0	+0	+1	+0	+0	+0	+0
ORTHOMCL4189	+0	+0	+0	+0	+0	+0	+0	+0	+0	+0	+0	+0	+0	+0	+0	+0	+1	+0	+0	+0	+0
ORTHOMCL4192	+1	+0	+0	+0	+0	+0	+0	+0	+0	+0	+0	+0	+0	+0	+0	+0	+0	+0	+0	+0	+0
ORTHOMCL4194	+0	+1	+0	+0	+0	+0	+0	+0	+0	+0	+0	+0	+0	+0	+0	+0	+0	+0	+0	+0	+0
ORTHOMCL4198	+0	+0	+0	+0	+0	+0	+0	+0	+0	+1	+0	+0	+0	+0	+0	+0	+0	+0	+0	+0	+0
ORTHOMCL4202	+0	+1	+0	+0	+0	+0	+0	+0	+0	+0	+0	+0	+0	+0	+0	+0	+0	+0	+0	+0	+0
ORTHOMCL4206	+0	+0	+0	+0	+0	+0	+0	+0	+0	+1	+0	+0	+0	+0	+0	+0	+0	+0	+0	+0	+0
ORTHOMCL4209	+0	+0	+0	+0	+0	+0	+0	+0	+0	+0	+0	+0	+0	+0	+0	+1	+0	+0	+0	+0	+0
ORTHOMCL4212	+0	+0	+0	+0	+0	+0	+0	+0	+0	+1	+0	+0	+0	+0	+0	+0	+0	+0	+0	+0	+0
ORTHOMCL4221	-1	+0	+1	+0	+0	+0	+0	+0	+0	+0	+0	+0	+0	+0	+0	+0	+1	+0	+0	+0	+0
ORTHOMCL4236	+0	+0	+0	+0	+0	+0	+0	+0	+0	+0	+0	+0	+0	+1	+0	+0	+0	+0	+0	+0	+0
ORTHOMCL4240	+0	+0	+0	+0	+0	+0	+0	+0	+0	+0	+0	+0	+0	+0	+0	+1	+0	+0	+0	+0	+0
ORTHOMCL4242	+0	+0	+0	+0	+0	+0	+0	+0	+0	+0	+0	+0	+0	+0	+0	+1	+0	+0	+0	+0	+0
ORTHOMCL4243	+0	+0	+0	+0	+0	+0	+0	+0	+0	+0	+0	+0	+0	+0	+0	+0	+1	+0	+0	+0	+0
ORTHOMCL4249	+0	+0	+0	+0	+0	+0	+0	+0	+0	+0	+0	+0	+0	+0	+0	+1	+0	+0	+0	+0	+0
ORTHOMCL4256	+0	+0	+0	+0	+0	+0	+0	+0	+0	+0	+0	+0	+0	+0	+0	+1	+0	+0	+0	+0	+0
ORTHOMCL4279	+0	+1	+0	+0	+0	+0	+0	+0	+0	+0	+0	+0	+0	+0	+0	+0	+0	+0	+0	+0	+0
ORTHOMCL4281	+0	+0	+0	+0	+0	+0	+0	+0	+0	+0	+0	+0	+0	+0	+0	+0	+1	+0	+0	+0	+0
ORTHOMCL4294	+0	+0	+0	+0	+0	+0	+0	+0	+0	+0	+0	+0	+0	+1	+0	+0	+0	+0	+0	+0	+0
ORTHOMCL4314	+0	+0	+0	+0	+0	+0	+0	+0	+0	+0	+0	+0	+0	+0	+0	+1	+0	+0	+0	+0	+0
ORTHOMCL4316	+0	+0	+0	+0	+0	+0	+0	+0	+0	+0	+0	+0	+0	+0	+0	+1	+0	+0	+0	+0	+0
ORTHOMCL4317	+0	+0	+0	+0	+0	+0	+0	+0	+0	+1	+0	+0	+0	+0	+0	+0	+0	+0	+0	+0	+0
ORTHOMCL4331	+0	+0	+0	+0	+0	+0	+0	+0	+0	+0	+0	+0	+0	+0	+0	+1	+0	+0	+0	+0	+0
ORTHOMCL4338	+0	+0	+0	+0	+0	+0	+0	+0	+0	+0	+0	+0	+0	+0	+0	+0	+1	+0	+0	+0	+0
ORTHOMCL4344	+0	+0	+0	+0	+0	+0	+0	+0	+0	+1	+0	+0	+0	+0	+0	+0	+0	+0	+0	+0	+0
ORTHOMCL4345	+0	+0	+0	+0	+0	+0	+0	+0	+0	+0	+0	+0	+0	+0	+0	+1	+0	+0	+0	+0	+0
ORTHOMCL4349	+1	+0	+0	+0	+0	+0	+0	+0	+0	+0	+0	+0	+0	+0	+0	+0	+0	+0	+0	+0	+0
ORTHOMCL4353	+0	+0	+0	+0	+0	+0	+0	+0	+0	+0	+0	+0	+0	+0	+0	+1	+0	+0	+0	+0	+0
ORTHOMCL4355	+0	+0	+0	+0	+0	+0	+0	+0	+0	+0	+0	+1	+0	+0	+0	+0	+0	+0	+0	+0	+0
ORTHOMCL4362	+0	+0	+0	+0	+0	+0	+0	+0	+0	+0	+0	+0	+0	+0	+0	+0	+1	+0	+0	+0	+0
ORTHOMCL4366	+0	+0	+0	+0	+0	+0	+0	+0	+0	+0	+0	+0	+0	+1	+0	+0	+0	+0	+0	+0	+0
ORTHOMCL4380	+0	+0	+0	+0	+0	+0	+0	+0	+0	+0	+0	+0	+0	+0	+0	+1	+0	+0	+0	+0	+0
ORTHOMCL4382	+1	+0	+0	+0	+0	+0	+0	+0	+0	+0	+0	+0	+0	+0	+0	+0	+0	+0	+0	+0	+0
ORTHOMCL4387	+0	+0	+0	+0	+0	+0	+0	+0	+0	+0	+0	+0	+0	+1	+0	+0	+0	+0	+0	+0	+0
ORTHOMCL4393	+0	+0	+0	+0	+0	+0	+0	+0	+0	+0	+0	+0	+0	+0	+0	+1	+0	+0	+0	+0	+0
ORTHOMCL4396	+0	+0	+0	+0	+0	+0	+0	+0	+0	+0	+0	+0	+0	+0	+0	+1	+0	+0	+0	+0	+0
ORTHOMCL4424	+0	+0	+0	+0	+0	+0	+0	+0	+0	+0	+0	+0	+0	+0	+0	+0	+0	+0	+0	+0	+0
ORTHOMCL4437	+0	+1	+0	+0	+0	+0	+0	+0	+0	+0	+0	+0	+0	+0	+0	+0	-1	+0	+0	+0	+0
ORTHOMCL4442	+0	+0	+0	+0	+0	+0	+0	+0	+0	+0	+0	+0	+0	+0	+0	+0	+0	+0	+0	+0	+0
ORTHOMCL4453	+0	+0	+0	+0	+0	+0	+0	+0	+0	+0	+0	+0	+0	+0	+0	+0	+0	+0	+0	+0	+0
ORTHOMCL4455	+0	+0	+0	+0	+0	+0	+0	+0	+0	+0	+0	+0	+0	+0	+0	+0	+0	+0	+0	+0	+0
ORTHOMCL4456	+0	+0	+0	+0	+0	+0	+0	+0	+0	+0	+0	+0	+0	+0	+0	+0	+0	+0	+0	+0	+0
ORTHOMCL4459	+0	+0	+0	+0	+0	+0	+0	+0	+0	+0	+0	+0	+0	+0	+0	+0	+0	+0	+0	+0	+0
ORTHOMCL4461	+0	+0	+0	+0	+0	+0	+0	+0	+0	+0	+0	+0	+0	+0	+0	+0	+0	+0	+0	+0	+0
ORTHOMCL4479	+0	+0	+0	+0	+0	+0	+0	+0	+0	+0	+0	+0	+0	+0	+0	+0	+0	+0	+0	+0	+0
ORTHOMCL4495	+0	+0	+0	+0	+0	+0	+0	+0	+0	+0	+0	+0	+0	+0	+0	+0	+0	+0	+0	+0	+0
ORTHOMCL4504	+0	+0	+0	+0	+0	+0	+0	+0	+0	+0	+0	+0	+0	+0	+0	+0	+0	+0	+0	+0	+0
ORTHOMCL4505	+0	+0	+0	+0	+0	+0	+0	+0	+0	+0	+0	+0	+0	+0	+0	+0	+0	+0	+0	+0	+0
ORTHOMCL4521	+0	+0	+0	+0	+0	+0	+0	+0	+0	+0	+0	+0	+0	+0	+0	+0	+0	+0	+0	+0	+0
ORTHOMCL4528	+0	+0	+0	+0	+0	+0	+0	+0	+0	+0	+0	+0	+0	+0	+0	+0	+0	+0	+0	+0	+0
ORTHOMCL4529	+0	+0	+0	+0	+0	+0	+0	+0	+0	+0	+0	+0	+0	+0	+0	+0	+0	+0	+0	+0	+0
ORTHOMCL4530	+0	+0	+0	+0	+0	+0	+0	+0	+0	+0	+0	+0	+0	+0	+0	+0	+0	+0	+0	+0	+0
ORTHOMCL4558	+0	+0	+0	+0	+0	+0	+0	+0	+0	+0	+0	+0	+0	+0	+0	-1	+1	+0	+0	+0	+0
ORTHOMCL4565	+0	+0	+0	+1	+0	+0	+0	+0	+0	+0	+0	+0	-1	+0	+0	+0	+0	+0	+0	+0	+0
ORTHOMCL4569	+0	+0	+0	+0	+0	+0	+0	+0	+0	+0	+0	+0	+0	+0	+0	+0	+0	+0	+0	+0	+0
ORTHOMCL4581	+0	+0	+0	+1	+0	-1	+0	+0	+0	+0	+0	+0	+0	+0	+0	+0	+0	+0	+0	+0	+0
ORTHOMCL4585	+0	+0	+0	+0	+0	+0	+0	+0	+0	+0	+0	+0	+0	+0	+0	+0	+0	+0	+0	+0	+0
ORTHOMCL4588	+0	+0	+0	+0	+0	+0	+0	+0	+0	+0	+0	+0	+0	+0	+0	+0	+0	+0	+0	+0	+0
ORTHOMCL4590	+0	+0	+0	+0	+0	+0	+0	+0	+0	+0	+0	+0	+0	+0	+0	+0	+0	+0	+0	+0	+0
ORTHOMCL4606	+0	+0	+0	+0	+0	+0	+0	+0	+0	+0	+0	+0	+0	+0	+0	+0	+0	+0	+0	+0	+0
ORTHOMCL4615	+0	+0	+0	+0	+0	+0	+0	+0	+0	+0	+0	+0	+0	+0	+0	+0	+0	+0	+0	+0	+0
ORTHOMCL4622	+0	+0	+0	+0	+0	+0	+0	+0	+0	+0	+0	+0	+0	+0	+0	+0	+0	+0	+0	+0	+0
ORTHOMCL4630	+0	+0	+0	+0	+0	+0	+0	+0	+0	+0	+0	+0	+0	+0	+0	+0	+0	+0	+0	+0	+0
ORTHOMCL4634	+0	+0	+0	+0	+0	+0	+0	+0	+0	+0	+0	+0	+0	+0	+0	+0	+0	+0	+0	+0	+0
ORTHOMCL4635	+0	+0	+0	+0	+0	+0	+0	+0	+0	+0	+0	+0	+0	+0	+0	+0	+0	+0	+0	+0	+0
ORTHOMCL4643	+0	+0	+0	+0	+0	+0	+0	+0	+0	+0	+0	+0	+0	+0	+0	+0	+0	+0	+0	+0	+0
ORTHOMCL4649	+0	+0	+0	+0	+0	+0	+0	+0	+0	+0	+0	+0	+0	+0	+0	+0	+0	+0	+0	+0	+0
ORTHOMCL4656	+0	+0	+0	+0	+0	+0	+0	+0	+0	+0	+0	+0	+0	+0	+0	+0	+0	+0	+0	+0	+0
ORTHOMCL4689	+0	+0	+0	+0	+0	+0	+0	+0	+0	+0	+0	+0	+0	+0	+0	+0	+0	+0	+0	+0	+0
ORTHOMCL4692	+0	+0	+0	+0	+0	+0	+0	+0	+0	+0	+0	+0	+0	+0	+0	+0	+0	+0	+0	+0	+0
ORTHOMCL4707	+0	+0	+0	+0	+0	+0	+0	+0	+0	+0	+0	+0	+0	+0	+0	+0	+0	+0	+0	+0	+0
ORTHOMCL4710	+0	+0	+0	+0	+0	+0	+0	+0	+0	+0	+0	+0	+0	+0	+0	+0	+0	+0	+0	+0	+0
ORTHOMCL4711	+0	-1	+0	+0	+0	+0	+0	+0	+0	+0	+0	+0	+0	+0	+0	+1	+0	+0	+0	+0	+0
ORTHOMCL4718	+0	+0	+0	+0	+0	+0	+0	+0	+0	+0	+0	+0	+0	+0	+0	+0	+0	+0	+0	+0	+0
ORTHOMCL4725	+0	+0	+0	+0	+0	+0	+0	+0	+0	+0	+0	+0	+0	+0	+0	+0	+0	+0	+0	+0	+0
ORTHOMCL4729	+0	+0	+0	+0	+0	+0	+0	+0	+0	+0	+0	+0	+0	+0	+0	+0	+0	+0	+0	+0	+0
ORTHOMCL4736	+0	+0	+0	+0	+0	+0	+0	+0	+0	+0	+0	+0	+0	+0	+0	+0	+0	+0	+0	+0	+0
ORTHOMCL4743	+0	+0	+0	+0	+0	+0	+0	+0	+0	+0	+0	+0	+0	+0	+0	+0	+0	+0	+0	+0	+0
ORTHOMCL4754	+0	+0	+0	+0	+0	+0	+0	+0	+0	+0	+0	+0	+0	+0	+0	+0	+0	+0	+0	+0	+0
ORTHOMCL4761	+0	+0	+0	+0	+0	+0	+0	+0	+0	+0	+0	+0	+0	+0	+0	+0	+0	+0	+0	+0	+0
ORTHOMCL4763	+0	+0	+0	+0	+0	+0	+0	+0	+0	+0	+0	+0	+1	+0	+0	-1	+0	+0	+0	+0	+0
ORTHOMCL4764	+0	+0	+0	+0	+0	+0	+0	+0	+0	+0	+0	+0	+0	+0	+0	+0	+0	+0	+0	+0	+0
ORTHOMCL4765	+0	+0	+0	+0	+0	+0	+0	+0	+0	+0	+0	+0	+0	+0	+0	+0	+0	+0	+0	+0	+0
ORTHOMCL4769	+0	+0	+0	+0	+0	+0	+0	+0	+0	+0	+0	+0	+0	+0	+0	+0	+0	+0	+0	+0	+0
ORTHOMCL4773	+0	+0	+0	+0	+0	+0	+0	+0	+0	+0	+0	+0	+0	+0	+0	+0	+0	+0	+0	+0	+0
ORTHOMCL4777	+0	+0	+0	+0	+0	+0	+0	+0	+0	+0	+0	+0	+0	+0	+0	+0	+0	+0	+0	+0	+0
ORTHOMCL4785	+0	+0	+0	+0	+0	+0	+0	+0	+0	+0	+0	+0	+0	+0	+0	+0	+0	+0	+0	+0	+0
ORTHOMCL4790	+0	+0	+0	+0	+0	+0	+0	+0	+0	+0	+0	+0	+0	+0	+0	+0	+0	+0	+0	+0	+0
ORTHOMCL4798	+0	+0	+0	+0	+0	+0	+0	+0	+0	+0	+0	+0	+0	+0	+0	+0	+0	+0	+0	+0	+0
ORTHOMCL4830	+0	+0	+0	+0	+0	+0	+0	+0	+0	+0	+0	+0	+0	+0	+0	+0	+0	+0	+0	+0	+0
ORTHOMCL4837	+0	+0	+0	+0	+0	+0	+0	+0	+0	+0	+0	+0	+0	+0	+0	+0	+0	+0	+0	+0	+0
ORTHOMCL4843	+0	+0	+0	+0	+0	-1	+0	+0	+0	+0	+0	+0	+0	+0	+0	+1	+0	+0	+0	+0	+0
ORTHOMCL4861	+0	+0	+0	+0	+0	+0	+0	+0	+0	+0	+0	+0	+0	+0	+0	+0	+0	+0	+0	+0	+0
ORTHOMCL4862	+0	+0	+0	+0	+0	+0	+0	+0	+0	+0	+0	-1	+0	+0	+0	+0	+1	+0	+0	+0	+0
ORTHOMCL4872	+0	+0	+0	+0	+0	+0	+0	+0	+0	+0	+0	+0	+0	+0	+0	+0	+0	+0	+0	+0	+0
ORTHOMCL4873	+0	+0	+0	+0	+0	+0	+0	+0	+0	+0	+0	+0	+0	+0	+0	+0	+0	+0	+0	+0	+0
ORTHOMCL4891	+0	+0	+0	+0	+0	+0	+0	+0	+0	+0	+0	+0	+0	+0	+0	+0	+0	+0	+0	+0	+0
ORTHOMCL4893	+0	+0	+0	+0	+0	+0	+0	+0	+0	+0	+0	+0	+0	+0	+0	+0	+0	+0	+0	+0	+0
ORTHOMCL4897	+0	+0	+0	+0	+0	+0	+0	+0	+0	+0	+0	+0	+0	+0	+0	+0	+0	+0	+0	+0	+0
ORTHOMCL4906	+0	+0	+0	+0	+0	+0	+0	+0	+0	+0	+0	+0	+0	+0	+0	+0	+0	+0	+0	+0	+0
ORTHOMCL4919	+0	+0	+0	+0	+0	+0	+0	+0	+0	+0	+0	+0	+0	+0	+0	+0	+0	+0	+0	+0	+0
ORTHOMCL4924	+0	+0	+0	+0	+0	+0	+0	+0	+0	+0	+0	+0	+0	+0	+0	+0	+0	+0	+0	+0	+0
ORTHOMCL4925	+0	+0	+0	+0	+0	+0	+0	+0	+0	+0	+0	+0	+0	+0	+0	+0	+0	+0	+0	+0	+0
ORTHOMCL4927	+0	+0	+0	+0	+0	+0	+0	+0	+0	+0	+0	+0	+0	+0	+0	+0	+0	+0	+0	+0	+0
ORTHOMCL4930	+0	+0	+0	+0	+0	+0	+0	+0	+0	+0	+0	+1	-1	+0	+0	+0	+0	+0	+0	+0	+0
ORTHOMCL4949	+0	+0	+0	+0	+0	+0	+0	+0	+0	+0	+0	+0	+0	+0	+0	+0	+0	+0	+0	+0	+0
ORTHOMCL4954	+0	+0	+0	+0	+0	+0	+0	+0	+0	+0	+0	+0	+0	+0	+0	+0	+0	+0	+0	+0	+0
ORTHOMCL4967	+0	+0	+0	+0	+0	+0	+0	+0	+0	+0	+0	+0	+0	+0	+0	+0	+0	+0	+0	+0	+0
ORTHOMCL4972	+0	+0	+0	+0	+0	+0	+0	+0	+0	+0	+0	+0	+0	+0	+0	+0	+0	+0	+0	+0	+0
ORTHOMCL4996	+0	+0	+0	+0	+0	+0	+0	+0	+0	+0	+0	+0	+0	+0	+0	+0	+0	+0	+0	+0	+0
ORTHOMCL4998	+0	+0	+0	+0	+0	+0	+0	+0	+0	+0	+0	+0	+0	+0	+0	+0	+0	+0	+0	+0	+0
ORTHOMCL5006	+0	+0	+0	+0	+0	+0	+0	+0	+0	+0	+0	+0	+0	+0	+0	+0	+0	+0	+0	+0	+0
ORTHOMCL5019	+0	+0	+0	+0	+0	+0	+0	+0	+0	+0	+0	+0	+0	+0	+0	+0	+0	+0	+0	+0	+0
ORTHOMCL5031	+0	+0	+0	+0	+0	+0	+0	+0	+0	+0	+0	+0	+0	+0	+0	+0	+0	+0	+0	+0	+0
ORTHOMCL5034	+0	+0	+0	+0	+0	+0	+0	+0	+0	+0	+0	+0	+0	+0	+0	+0	+0	+0	+0	+0	+0
ORTHOMCL5038	+0	+0	+0	+0	+0	+0	+0	+0	+0	+0	+0	+0	+0	+0	+0	+0	+0	+0	+0	+0	+0
ORTHOMCL5046	+0	+0	+0	+0	+0	+0	+0	+0	+0	+0	+0	+0	+0	+0	+0	+0	+0	+0	+0	+0	+0
ORTHOMCL5052	+0	+0	+0	+0	+0	+0	+0	+0	+0	+0	+0	+0	+0	+0	+0	+0	+0	+0	+0	+0	+0
ORTHOMCL5057	+1	+0	+0	+0	+0	+0	+0	+0	+0	+0	+0	+0	-1	+0	+0	+0	+0	+0	+0	+0	+0
ORTHOMCL5063	+0	+0	+0	+0	+0	+0	+0	+0	+0	+1	+0	+0	-1	+0	+0	+0	+0	+0	+0	+0	+0
ORTHOMCL5074	+0	+0	+0	+0	+0	+0	+0	+0	+0	+0	+0	+0	+0	+0	+0	+0	+0	+0	+0	+0	+0
ORTHOMCL5080	+0	+0	+0	+0	+0	+0	+0	+0	+0	+0	+0	+0	+0	+0	+0	+0	+0	+0	+0	+0	+0
ORTHOMCL5081	+0	+0	+0	+0	+0	+0	+0	+0	+0	+0	+0	+0	+0	+0	+0	+0	+0	+0	+0	+0	+0
ORTHOMCL5082	+0	+0	+0	+0	+0	+0	+0	+0	+0	+0	+0	+0	+0	+0	+0	+0	+0	+0	+0	+0	+0
ORTHOMCL5084	+0	+0	+0	+0	+0	+0	+0	+0	+0	+1	+0	+0	+0	+0	+0	-1	+0	+0	+0	+0	+0
ORTHOMCL5089	+0	+0	+0	+0	+0	+0	+0	+0	+0	+0	+0	+0	+0	+0	+0	+0	+0	+0	+0	+0	+0
ORTHOMCL5090	+0	+0	+0	+0	+0	+0	+0	+0	+0	+0	+0	+0	+0	+0	+0	+0	+0	+0	+0	+0	+0
ORTHOMCL5092	+0	+0	+0	+0	+0	+0	+0	+0	+0	+0	+0	+0	+0	+0	+0	+0	+0	+0	+0	+0	+0
ORTHOMCL5097	+0	+0	+0	+0	+0	+0	+0	+0	+0	+0	+0	+0	+0	+0	+0	+0	+0	+0	+0	+0	+0
ORTHOMCL5100	+0	+0	+0	+0	+0	+0	+0	+0	+0	+0	+0	+0	+0	+0	+0	+0	+0	+0	+0	+0	+0
ORTHOMCL5108	+0	+0	+0	+1	+0	+0	+0	+0	+0	+0	+0	+0	+0	+0	+0	-1	+0	+0	+0	+0	+0
ORTHOMCL5116	+0	+0	+0	+0	+0	+0	+0	+0	+0	+0	+0	+0	+0	+0	+0	+0	+0	+0	+0	+0	+0
ORTHOMCL5121	+0	+0	+0	+0	+0	+0	+0	+0	+0	+0	+0	+0	+0	+0	+0	+0	+0	+0	+0	+0	+0
ORTHOMCL5122	+0	+0	+0	+0	+0	+0	+0	+0	+0	+0	+0	+0	+0	+0	+0	+0	+0	+0	+0	+0	+0
ORTHOMCL5127	+0	+0	+0	+0	+0	+0	+0	+0	+0	+0	+0	+0	+0	+0	+0	+0	+0	+0	+0	+0	+0
ORTHOMCL5132	+0	+0	+0	+0	+0	+0	+0	+0	+0	+0	+0	+0	+0	+0	+0	+0	+0	+0	+0	+0	+0
ORTHOMCL5148	+0	+0	+0	+0	+0	+0	+0	+0	+0	+0	+0	+0	+0	+0	+0	+0	+0	+0	+0	+0	+0
ORTHOMCL5162	+0	+0	+0	+0	+0	+0	+0	+0	+0	+0	+0	+0	+0	+0	+0	+0	+0	+0	+0	+0	+0
ORTHOMCL5167	+0	+0	+0	+0	+0	+0	+0	+0	+0	+0	+0	+0	+0	+0	+0	+0	+0	+0	+0	+0	+0
ORTHOMCL5174	+0	+0	+0	+0	+0	+0	+0	+0	+0	+0	+0	+0	+0	+0	+0	+0	+0	+0	+0	+0	+0
ORTHOMCL5177	+0	+0	+0	+0	+0	+0	+0	+0	+0	+0	+0	+0	+0	+0	+0	+0	+0	+0	+0	+0	+0
ORTHOMCL5179	+0	+0	+0	+1	+0	-1	+0	+0	+0	+0	+0	+0	+0	+0	+0	+0	+0	+0	+0	+0	+0
ORTHOMCL5180	+0	+0	+0	+0	+0	+0	+0	+0	+0	+0	+0	+0	+0	+0	+0	+0	+0	+0	+0	+0	+0
ORTHOMCL5181	+0	+0	+0	+0	+0	+0	+0	+0	+0	+0	+0	+0	+0	+0	+0	+0	+0	+0	+0	+0	+0
ORTHOMCL5188	+0	+0	+0	+0	+0	+0	+0	+0	+0	+0	+0	+0	+0	+0	+0	+0	+0	+0	+0	+0	+0
ORTHOMCL5190	+0	+0	+0	+0	+0	+0	+0	+0	+0	+0	+0	+0	+0	+0	+0	+0	+0	+0	+0	+0	+0
ORTHOMCL5192	+0	+0	+0	+0	+0	+0	+0	+0	+0	+0	+0	+0	+0	+0	+0	+0	+0	+0	+0	+0	+0
ORTHOMCL5193	+0	+0	+0	+0	+0	+0	+0	+0	+0	+0	+0	+0	+0	+0	+0	+0	+0	+0	+0	+0	+0
ORTHOMCL5197	+0	+0	+0	+0	+0	+0	+0	+0	+0	+0	+0	+0	+0	+0	+0	+0	+0	+0	+0	+0	+0
ORTHOMCL5201	+0	+0	+0	+0	+0	+0	+0	+0	+0	+0	+0	+0	+0	+0	+0	+0	+0	+0	+0	+0	+0
ORTHOMCL5209	+0	+0	+0	+0	+0	+0	+0	+0	+0	+0	+0	+0	+0	+0	+0	+0	+0	+0	+0	+0	+0
ORTHOMCL5210	+0	+0	+0	+0	+0	+0	+0	+0	+0	+0	+0	+0	+0	+0	+0	+0	+0	+0	+0	+0	+0
ORTHOMCL5228	+0	+0	+0	+0	+0	+0	+0	+0	+0	+0	+0	+0	+0	+0	+0	+0	+0	+0	+0	+0	+0
ORTHOMCL5236	+0	+0	+0	+0	+0	+0	+0	+0	+0	+0	+0	+0	+0	+0	+0	+0	+0	+0	+0	+0	+0
ORTHOMCL5242	+0	+0	+0	+0	+0	+0	+0	+0	+0	+0	+0	+0	+0	+0	+0	+0	+0	+0	+0	+0	+0
ORTHOMCL5244	+0	+0	+0	+0	+0	+0	+0	+0	+0	+0	+0	+0	+0	+0	+0	+0	+0	+0	+0	+0	+0
ORTHOMCL5251	+0	+0	+0	+0	+0	+0	+0	+0	+0	+0	+0	+0	+0	+0	+0	+0	+0	+0	+0	+0	+0
ORTHOMCL5259	+0	+0	+0	+0	+0	+0	+0	+0	+0	+0	+0	+0	+0	+0	+0	+0	+0	+0	+0	+0	+0
ORTHOMCL5260	+0	+0	+0	+0	+0	+0	+0	+0	+0	+0	+0	+0	+0	+0	+0	+0	+0	+0	+0	+0	+0
ORTHOMCL5280	+0	+0	+0	+0	+0	+0	+0	+0	+0	+0	+0	+0	+0	+0	+0	+0	+0	+0	+0	+0	+0
ORTHOMCL5285	+0	+0	+0	+0	+0	+0	+0	+0	+0	+0	+0	+0	+0	+0	+0	+0	+0	+0	+0	+0	+0
ORTHOMCL5287	+0	+0	+0	+0	+0	+0	+0	+0	+0	+0	+0	+0	+0	+0	+0	+0	+0	+0	+0	+0	+0
ORTHOMCL5289	+0	+0	+0	+0	+1	+0	+0	+0	+0	+0	+0	-1	-1	+0	+0	+0	+0	+0	+0	+0	+0
ORTHOMCL5293	+0	+0	+0	+0	+0	+0	+0	+0	+0	+0	+0	+0	+0	+0	+0	+0	+0	+0	+0	+0	+0
ORTHOMCL5308	+0	+0	+0	+0	+0	+0	+0	+0	+0	+0	+0	+0	+0	+0	+0	+0	+0	+0	+0	+0	+0
ORTHOMCL5316	+0	+0	+0	+0	+0	+0	+0	+0	+0	+0	+0	+0	+0	+0	+0	+0	+0	+0	+0	+0	+0
ORTHOMCL5323	+0	+0	+0	+0	+0	+0	+0	+0	+0	+1	+0	-1	+0	+0	+0	+0	+0	+0	+0	+0	+0
ORTHOMCL5330	+0	+0	+0	+0	+0	+0	+0	+0	+0	+0	+0	+0	+0	+0	+0	+0	+0	+0	+0	+0	+0
ORTHOMCL5338	+0	+0	+0	+0	+0	+0	+0	+0	+0	+0	+0	+0	+0	+0	+0	+0	+0	+0	+0	+0	+0
ORTHOMCL5339	+0	+0	+0	+0	+0	+0	+0	+0	+0	+0	+0	+0	+0	+0	+0	+0	+0	+0	+0	+0	+0
ORTHOMCL5349	+0	+0	+0	+0	+0	+0	+0	+0	+0	+0	+0	+0	+0	+0	+0	+0	+0	+0	+0	+0	+0
ORTHOMCL5358	+0	+0	+0	+0	+0	+0	+0	+0	+0	+0	+0	+0	+0	+0	+0	+0	+0	+0	+0	+0	+0
ORTHOMCL5363	+0	+0	+0	+0	+0	+0	+0	+0	+0	+0	+0	+0	+0	+0	+0	+0	+0	+0	+0	+0	+0
ORTHOMCL5365	+0	+0	+0	+0	+0	+0	+0	+0	+0	+0	+0	+0	+0	+0	+0	+0	+0	+0	+0	+0	+0
ORTHOMCL5381	+0	+0	+0	+0	+0	+0	+0	+0	+0	+0	+0	+0	+0	+0	+0	+0	+0	+0	+0	+0	+0
ORTHOMCL5394	+0	+0	+0	+0	+0	+0	+0	+0	+0	+0	+0	+0	+0	+0	+0	+0	+0	+0	+0	+0	+0
ORTHOMCL5396	+0	+0	+0	+0	+0	+0	+0	+0	+0	+0	+0	+0	+0	+0	+0	+0	+0	+0	+0	+0	+0
ORTHOMCL5397	+0	+0	+0	+0	+0	+0	+0	+0	+0	+0	+0	+0	+0	+0	+0	+0	+0	+0	+0	+0	+0
ORTHOMCL5405	+0	+0	+0	+0	+0	+0	+0	+0	+0	+0	+0	+0	+0	+0	+0	+0	+0	+0	+0	+0	+0
ORTHOMCL5409	+0	+0	+0	+0	+0	+0	+0	+0	+0	+0	+0	+0	+0	+0	+0	+0	+0	+0	+0	+0	+0
ORTHOMCL5424	+0	+0	+0	+0	+0	+0	+0	+0	+0	+0	+0	+0	+0	+0	+0	+0	+0	+0	+0	+0	+0
ORTHOMCL5426	+0	+0	+0	+0	+0	+0	+0	+0	+0	+0	+0	+0	+0	+0	+0	+0	+0	+0	+0	+0	+0
ORTHOMCL5435	+0	+0	+0	+0	+0	+0	+0	+0	+0	+0	+0	+0	+0	+0	+0	+0	+0	+0	+0	+0	+0
ORTHOMCL5452	+0	+0	+0	+0	+0	+0	+0	+0	+0	+0	+0	+0	+0	+0	+0	+0	+0	+0	+0	+0	+0
ORTHOMCL5469	+0	+0	+0	+0	+0	+0	+0	+0	+0	+0	+0	+0	+0	+0	+0	+0	+0	+0	+0	+0	+0
ORTHOMCL5479	+0	+0	+0	+0	+0	+0	+0	+0	+0	+0	+0	+0	+0	+0	+0	+0	+0	+0	+0	+0	+0
ORTHOMCL5493	+0	+0	+0	+0	+0	+0	+0	+0	+0	+0	+0	+0	+0	+0	+0	+0	+0	+0	+0	+0	+0
ORTHOMCL5501	+0	+0	+0	+0	+0	+0	+0	+0	+0	+0	+0	+0	+0	+0	+0	+0	+0	+0	+0	+0	+0
ORTHOMCL5502	+0	+0	+0	+0	+0	+0	+0	+0	+0	+0	+0	+0	+0	+0	+0	+0	+0	+0	+0	+0	+0
ORTHOMCL5520	+0	+0	+0	+0	+0	+0	+0	+0	+0	+0	+0	+0	+0	+0	+0	+0	+0	+0	+0	+0	+0
ORTHOMCL5523	+0	+0	+0	+0	+0	+0	+0	+0	+0	+0	+0	+0	+0	+0	+0	+0	+0	+0	+0	+0	+0
ORTHOMCL5534	+0	+0	+0	+0	+0	+0	+0	+0	+0	+0	+0	+0	+0	+0	+0	+0	+0	+0	+0	+0	+0
ORTHOMCL5545	+0	+0	+0	+0	+0	+0	+0	+0	+0	+0	+0	+0	+0	+0	+0	+0	+0	+0	+0	+0	+0
ORTHOMCL5556	+0	+0	+0	+0	+0	+0	+0	+0	+0	+0	+0	+0	+0	+0	+0	+0	+0	+0	+0	+0	+0
ORTHOMCL5557	+0	+0	+0	+0	+0	+0	+0	+0	+0	+0	+0	+0	+0	+0	+0	+0	+0	+0	+0	+0	+0
ORTHOMCL5568	+0	+0	+0	+0	+0	+0	+0	+0	+0	+0	+0	+0	+0	+0	+0	+0	+0	+0	+0	+0	+0
ORTHOMCL5571	+0	+0	+0	+0	+0	+0	+0	+0	+0	+0	+0	+0	+0	+0	+0	+0	+0	+0	+0	+0	+0
ORTHOMCL5583	+0	+0	+0	+0	+0	+0	+0	+0	+0	+0	+0	+0	+0	+0	+0	+0	+0	+0	+0	+0	+0
ORTHOMCL5590	+0	+0	+0	+0	+0	+0	+0	+0	+0	+0	+0	+0	+0	+0	+0	+0	+0	+0	+0	+0	+0
ORTHOMCL5614	+0	+0	+0	+0	+0	+0	+0	+0	+0	+0	+0	+0	+0	+0	+0	+0	+0	+0	+0	+0	+0
ORTHOMCL5622	+0	+0	+0	+0	+0	+0	+0	+0	+0	+0	+0	+0	+0	+0	+0	+0	+0	+0	+0	+0	+0
ORTHOMCL5632	+0	+0	+0	+0	+0	+0	+0	+0	+0	+1	+0	+0	+0	+0	+0	-1	+0	+0	+0	+0	+0
ORTHOMCL5634	+0	+0	+0	+0	+0	+0	+0	+0	+0	+0	+0	+0	+0	+0	+0	+0	+0	+0	+0	+0	+0
ORTHOMCL5637	+0	+0	+0	+0	+0	+0	+0	+0	+0	+0	+0	+0	+0	+0	+0	+0	+0	+0	+0	+0	+0
ORTHOMCL5641	+0	+0	+0	+0	+0	+0	+0	+0	+0	+0	+0	+0	+0	+0	+0	+0	+0	+0	+0	+0	+0
ORTHOMCL5652	+0	+0	+0	+0	+0	+0	+0	+0	+0	+0	+0	+0	+0	+0	+0	+0	+0	+0	+0	+0	+0
ORTHOMCL5653	+0	+0	+0	+0	+0	+0	+0	+0	+0	+0	+0	+0	+0	+0	+0	+0	+0	+0	+0	+0	+0
ORTHOMCL5662	+0	+0	+0	+0	+0	+0	+0	+0	+0	+0	+0	+0	+0	+0	+0	+0	+0	+0	+0	+0	+0
ORTHOMCL5663	+0	+0	+0	+0	+0	+0	+0	+0	+0	+0	+0	+0	+0	+0	+0	+0	+0	+0	+0	+0	+0
ORTHOMCL5664	+0	+0	+0	+0	+0	+0	+0	+0	+0	+0	+0	+0	+0	+0	+0	+0	+0	+0	+0	+0	+0
ORTHOMCL5673	+0	+0	+0	+0	+0	+0	+0	+0	+0	+0	+0	+0	+0	+0	+0	+0	+0	+0	+0	+0	+0
ORTHOMCL5675	+0	+0	+0	+0	+0	+0	+0	+0	+0	+0	+0	+0	+0	+0	+0	+0	+0	+0	+0	+0	+0
ORTHOMCL5681	+0	+0	+0	+0	+0	+0	+0	+0	+0	+0	+0	+0	+0	+0	+0	+0	+0	+0	+0	+0	+0
ORTHOMCL5687	+0	+0	+0	+0	+0	+0	+0	+0	+0	+0	+0	+0	+0	+0	+0	+0	+0	+0	+0	+0	+0
ORTHOMCL5690	+0	+0	+0	+0	+0	+0	+0	+0	+0	+0	+0	+0	+0	+0	+0	+0	+0	+0	+0	+0	+0
ORTHOMCL5696	+0	+0	+0	+0	+0	+0	+0	+0	+0	+0	+0	+0	+0	+0	+0	+0	+0	+0	+0	+0	+0
ORTHOMCL5698	+0	+0	+0	+0	+0	+0	+0	+0	+0	+0	+0	+0	+0	+0	+0	+0	+0	+0	+0	+0	+0
ORTHOMCL5727	+0	+0	+0	+0	+0	+0	+0	+0	+0	+0	+0	+0	+0	+0	+0	+0	+0	+0	+0	+0	+0
ORTHOMCL5759	-1	+0	+0	+0	+0	+0	+0	+0	+0	+1	+0	+0	+0	+0	+0	+0	+0	+0	+0	+0	+0
ORTHOMCL5771	+0	+0	+0	+0	+0	+0	+0	+0	+0	+0	+0	+0	+0	+0	+0	+0	+0	+0	+0	+0	+0
ORTHOMCL5776	+0	+0	+0	+0	+0	+0	+0	+0	+0	+0	+0	+0	+0	+0	+0	+0	+0	+0	+0	+0	+0
ORTHOMCL5785	+0	+0	+0	+0	+0	+0	+0	+0	+0	+0	+0	+0	+0	+0	+0	+0	+0	+0	+0	+0	+0
ORTHOMCL5787	+0	+0	+0	+0	+0	+0	+0	+0	+0	+0	+0	+0	+0	+0	+0	+0	+0	+0	+0	+0	+0
ORTHOMCL5809	+0	+0	+0	+0	+0	+0	+0	+0	+0	+0	+0	+0	+0	+0	+0	+0	+0	+0	+0	+0	+0
ORTHOMCL5815	+0	+0	+0	+0	+0	+0	+0	+0	+0	+0	+0	+0	+0	+0	+0	+0	+0	+0	+0	+0	+0
ORTHOMCL5822	+0	+0	+0	+0	+0	+0	+0	+0	+0	+0	+0	+0	+0	+0	+0	+0	+0	+0	+0	+0	+0
ORTHOMCL5835	+0	+0	+0	+0	+0	+0	+0	+0	+0	+0	+0	+0	+0	+0	+0	+0	+0	+0	+0	+0	+0
ORTHOMCL5846	+0	+0	+0	+0	+0	+0	+0	+0	+0	+0	+0	+0	+0	+0	+0	+0	+0	+0	+0	+0	+0
ORTHOMCL5851	+0	+0	+0	+0	+0	+0	+0	+0	+0	+0	+0	+0	+0	+0	+0	+0	+0	+0	+0	+0	+0
ORTHOMCL5852	+0	+0	+0	+0	+0	+0	+0	+0	+0	+0	+0	+0	+0	+0	+0	+0	+0	+0	+0	+0	+0
ORTHOMCL5853	+0	+0	+0	+0	+0	+0	+0	+0	+0	+0	+0	+0	+0	+0	+0	+0	+0	+0	+0	+0	+0
ORTHOMCL5863	+0	+0	+0	+0	+0	+0	+0	+0	+0	+0	+0	+0	+0	+0	+0	+0	+0	+0	+0	+0	+0
ORTHOMCL5872	+0	+0	+0	+0	+0	+0	+0	+0	+0	+0	+0	+0	+0	+0	+0	+0	+0	+0	+0	+0	+0
ORTHOMCL5877	+0	+0	+0	+0	+0	+0	+0	+0	+0	+0	+0	+0	+0	+0	+0	+0	+0	+0	+0	+0	+0
ORTHOMCL5879	+0	+0	+0	+0	+0	+0	+0	+0	+0	+0	+0	+0	+0	+0	+0	+0	+0	+0	+0	+0	+0
ORTHOMCL5881	+0	+0	+0	+0	+0	+0	+0	+0	+0	+0	+0	+0	+0	+0	+0	+0	+0	+0	+0	+0	+0
ORTHOMCL5890	+0	+0	+0	+0	+0	+0	+0	+0	+0	+0	+0	+0	+0	+0	+0	+0	+0	+0	+0	+0	+0
ORTHOMCL5893	+0	+0	+0	+0	+0	+0	+0	+0	+0	+0	+0	+0	+0	+0	+0	+0	+0	+0	+0	+0	+0
ORTHOMCL5898	+0	+0	+0	+0	+0	+0	+0	+0	+0	+0	+0	+0	+0	+0	+0	+0	+0	+0	+0	+0	+0
ORTHOMCL5929	+0	+0	+0	+0	+0	+0	+0	+0	+0	+0	+0	+0	+0	+0	+0	+0	+0	+0	+0	+0	+0
ORTHOMCL5932	+0	+0	+0	+1	+0	-1	+0	+0	+0	+0	+0	+0	+0	+0	+0	+0	+0	+0	+0	+0	+0
ORTHOMCL5938	+0	+0	+0	+0	+0	+0	+0	+0	+0	+0	+0	+0	+0	+0	+0	+0	+0	+0	+0	+0	+0
ORTHOMCL5960	+0	+0	+0	+0	+0	+0	+0	+0	+0	+0	+0	+0	+0	+0	+0	+0	+0	+0	+0	+0	+0
ORTHOMCL5982	+0	+0	+0	+0	+0	+0	+0	+0	+0	+0	+0	+0	+0	+0	+0	+0	+0	+0	+0	+0	+0
ORTHOMCL5993	+0	+0	+0	+0	+0	+0	+0	+0	+0	+0	+0	+0	+0	+0	+0	+0	+0	+0	+0	+0	+0
ORTHOMCL5998	+0	+0	+0	+0	+0	+0	+0	+0	+0	+0	+0	+0	+0	+0	+0	+0	+0	+0	+0	+0	+0
ORTHOMCL6007	+0	+0	+0	+0	+0	+0	+0	+0	+0	+0	+0	+0	+0	+0	+0	+0	+0	+0	+0	+0	+0
ORTHOMCL6019	+0	+0	+0	+0	+0	+0	+0	+0	+0	+0	+0	+0	+0	+0	+0	+0	+0	+0	+0	+0	+0
ORTHOMCL6026	+0	+0	+0	+0	+0	+0	+0	+0	+0	+0	+0	+0	+0	+0	+0	+0	+0	+0	+0	+0	+0
ORTHOMCL6032	+0	+0	+0	+0	+0	+0	+0	+0	+0	+0	+0	+0	+0	+0	+0	+0	+0	+0	+0	+0	+0
ORTHOMCL6041	+0	+0	+0	+0	+0	+0	+0	+0	+0	+0	+0	+0	+0	+0	+0	+0	+0	+0	+0	+0	+0
ORTHOMCL6043	+0	+0	+0	+0	+0	+0	+0	+0	+0	+0	+0	+0	+0	+0	+0	+0	+0	+0	+0	+0	+0
ORTHOMCL6046	+0	+0	+0	+0	+0	+0	+0	+0	+0	+0	+0	+0	+0	+0	+0	+0	+0	+0	+0	+0	+0
ORTHOMCL6048	+0	+0	+0	+0	+0	+0	+0	+0	+0	+0	+0	+0	+0	+0	+0	+0	+0	+0	+0	+0	+0
ORTHOMCL6054	+0	+0	+0	+0	+0	+0	+0	+0	+0	+0	+0	+0	+0	+0	+0	+0	+0	+0	+0	+0	+0
ORTHOMCL6088	+0	+0	+0	+0	+0	+0	+0	+0	+0	+0	+0	+0	+0	+0	+0	+0	+0	+0	+0	+0	+0
ORTHOMCL6089	+0	+0	+0	+0	+0	+0	+0	+0	+0	+0	+0	+0	+0	+0	+0	+0	+0	+0	+0	+0	+0
ORTHOMCL6096	+0	+0	+0	+0	+0	+0	+0	+0	+0	+0	+0	+0	+0	+0	+0	+0	+0	+0	+0	+0	+0
ORTHOMCL6099	+0	+0	+0	+0	+0	+0	+0	+0	+0	+0	+0	+0	+0	+0	+0	+0	+0	+0	+0	+0	+0
ORTHOMCL6110	+0	+0	+0	+0	+0	+0	+0	+0	+0	+0	+0	+0	+0	+0	+0	+0	+0	+0	+0	+0	+0
ORTHOMCL6118	+0	+0	+0	+0	+0	+0	+0	+0	+0	+0	+0	+0	+0	+0	+0	+0	+0	+0	+0	+0	+0
ORTHOMCL6121	+0	+0	+0	+0	+0	+0	+0	+0	+0	+0	+0	+0	+0	+0	+0	+0	+0	+0	+0	+0	+0
ORTHOMCL6122	+0	+0	+0	+0	+0	+0	+0	+0	+0	+0	+0	+0	+0	+0	+0	+0	+0	+0	+0	+0	+0
ORTHOMCL6128	+0	+0	+0	+0	+0	+0	+0	+0	+0	+0	+0	+0	+0	+0	+0	+0	+0	+0	+0	+0	+0
ORTHOMCL6130	+0	+0	+0	+0	+0	+0	+0	+0	+0	+0	+0	+0	+0	+0	+0	+0	+0	+0	+0	+0	+0
ORTHOMCL6132	+0	+0	+0	+0	+0	+0	+0	+0	+0	+0	+0	+0	+0	+0	+0	+0	+0	+0	+0	+0	+0
ORTHOMCL6152	+0	+0	+0	+0	+0	+0	+0	+0	+0	+0	+0	+0	+0	+0	+0	+0	+0	+0	+0	+0	+0
ORTHOMCL6164	+0	+0	+0	+0	+0	+0	+0	+0	+0	+0	+0	+0	+0	+0	+0	+0	+0	+0	+0	+0	+0
ORTHOMCL6178	+0	+0	+0	+0	+0	+0	+0	+0	+0	+0	+0	+0	+0	+0	+0	+0	+0	+0	+0	+0	+0
ORTHOMCL6188	+0	+0	+0	+0	+0	+0	+0	+0	+0	+0	+0	+0	+0	+0	+0	+0	+0	+0	+0	+0	+0
ORTHOMCL6193	+0	+0	+0	+0	+0	+0	+0	+0	+0	+0	+0	+0	+0	+0	+0	+0	+0	+0	+0	+0	+0
ORTHOMCL6210	+0	+0	+0	+0	+0	+0	+0	+0	+0	+0	+0	+0	+0	+0	+0	+0	+0	+0	+0	+0	+0
ORTHOMCL6211	+0	+0	+0	+0	+0	+0	+0	+0	+0	+0	+0	+0	+0	+0	+0	+0	+0	+0	+0	+0	+0
ORTHOMCL6213	+0	+0	+0	+0	+0	+0	+0	+0	+0	+0	+0	+0	+0	+0	+0	+0	+0	+0	+0	+0	+0
ORTHOMCL6217	+0	+0	+0	+0	+0	+0	+0	+0	+0	+0	+0	+0	+0	+0	+0	+0	+0	+0	+0	+0	+0
ORTHOMCL6226	+0	+0	+0	+0	+0	+0	+0	+0	+0	+0	+0	+0	+0	-1	+0	+0	+1	+0	+0	+0	+0
ORTHOMCL6234	+0	+0	+0	+0	+0	+0	+0	+0	+0	+0	+0	+0	+0	+0	+0	+0	+0	+0	+0	+0	+0
ORTHOMCL6241	+0	+0	+0	+0	+0	+0	+0	+0	+0	+0	+0	+0	+0	+0	+0	+0	+0	+0	+0	+0	+0
ORTHOMCL6247	+0	+0	+0	+0	+0	+0	+0	+0	+0	+0	+0	+0	+0	+0	+0	+0	+0	+0	+0	+0	+0
ORTHOMCL6248	+0	+0	+0	+0	+0	+0	+0	+0	+0	+0	+0	+0	+0	-1	+0	+1	+0	+0	+0	+0	+0
ORTHOMCL6255	+0	+0	+0	+0	+0	+0	+0	+0	+0	+0	+0	+0	+0	+0	+0	+0	+0	+0	+0	+0	+0
ORTHOMCL6264	+0	+0	+0	+0	+0	+0	+0	+0	+0	+0	+0	+0	+0	+0	+0	+0	+0	+0	+0	+0	+0
ORTHOMCL6265	+0	+0	+0	+0	+0	+0	+0	+0	+0	+0	+0	+0	+0	+0	+0	+0	+0	+0	+0	+0	+0
ORTHOMCL6288	+0	+0	+0	+0	+0	+0	+0	+0	+0	+0	+0	+0	-1	+0	+0	+1	+0	+0	+0	+0	+0
ORTHOMCL6292	+0	+0	+0	+0	+0	+0	+0	+0	+0	+0	+0	+0	+0	+0	+0	+0	+0	+0	+0	+0	+0
ORTHOMCL6293	+0	+0	+0	+0	+0	+0	+0	+0	+0	+0	+0	+0	+0	+0	+0	+0	+0	+0	+0	+0	+0
ORTHOMCL6295	+0	+0	+0	+0	+0	+0	+0	+0	+0	+0	+0	+0	+0	+0	+0	+0	+0	+0	+0	+0	+0
ORTHOMCL6310	+0	+0	+0	+0	+0	+0	+0	+0	+0	+0	+0	+0	+0	+0	+0	+0	+0	+0	+0	+0	+0
ORTHOMCL6330	+0	+0	+0	+0	+0	+0	+0	+0	+0	+0	+0	+0	+0	+0	+0	+0	+0	+0	+0	+0	+0
ORTHOMCL6334	+0	+0	+0	+0	+0	+0	+0	+0	+0	+0	+0	+0	+0	+0	+0	+0	+0	+0	+0	+0	+0
ORTHOMCL6335	+0	+0	+0	+0	+0	+0	+0	+0	+0	+0	+0	+0	+0	+0	+0	+0	+0	+0	+0	+0	+0
ORTHOMCL6337	+0	+0	+0	+0	+0	+0	+0	+0	+0	+0	+0	+0	+0	+0	+0	+0	+0	+0	+0	+0	+0
ORTHOMCL6372	+0	+0	+0	+0	+0	+0	+0	+0	+0	+0	+0	+0	+0	+0	+0	+0	+0	+0	+0	+0	+0
ORTHOMCL6375	+0	+0	+0	+0	+0	+0	+0	+0	+0	+0	+0	+0	+0	+0	+0	+0	+0	+0	+0	+0	+0
ORTHOMCL6387	+0	+0	+0	+0	+0	+0	+0	+0	+0	+0	+0	+0	+0	+0	+0	+0	+0	+0	+0	+0	+0
ORTHOMCL6394	+0	+0	+0	+1	+0	+0	+0	+0	+0	+0	+0	-1	+0	+0	+0	+0	+0	+0	+0	+0	+0
ORTHOMCL6398	+0	+0	+0	+0	+0	+0	+0	+0	+0	+0	+0	+0	+0	+0	+0	+0	+0	+0	+0	+0	+0
ORTHOMCL6404	+0	+0	+0	+0	+0	+0	+0	+0	+0	+0	+0	+0	+0	+0	+0	+0	+0	+0	+0	+0	+0
ORTHOMCL6406	+0	+0	+0	+0	+0	+0	+0	+0	+0	+0	+0	+0	+0	+0	+0	+0	+0	+0	+0	+0	+0
ORTHOMCL6407	+0	+0	+0	+0	+0	+0	+0	+0	+0	+0	+0	+0	+0	+0	+0	+0	+0	+0	+0	+0	+0
ORTHOMCL6412	+0	+0	+0	+0	+0	+0	+0	+0	+0	+0	+0	+0	+0	+0	+0	+0	+0	+0	+0	+0	+0
ORTHOMCL6413	+0	+0	+0	+0	+0	+0	+0	+0	+0	+0	+0	+0	+0	+0	+0	+0	+0	+0	+0	+0	+0
ORTHOMCL6422	+0	+0	+0	+0	+0	+0	+0	+0	+0	+0	+0	+0	+0	+0	+0	+0	+0	+0	+0	+0	+0
ORTHOMCL6423	+0	+0	+0	+0	+0	+0	+0	+0	+0	+0	+0	+0	+0	+0	+0	+0	+0	+0	+0	+0	+0
ORTHOMCL6433	+0	+0	+0	+0	+0	-1	+0	+0	+0	+0	+0	+0	+0	+0	+0	+0	+1	+0	+0	+0	+0
ORTHOMCL6442	+0	+0	+0	+0	+0	+0	+0	+0	+0	+0	+0	+0	+0	+0	+0	+0	+0	+0	+0	+0	+0
ORTHOMCL6448	+0	+0	+0	+0	+0	+0	+0	+0	+0	+0	+0	+0	+0	+0	+0	+0	+0	+0	+0	+0	+0
ORTHOMCL6457	+0	+0	+0	+0	+0	+0	+0	+0	+0	+0	+0	+0	+0	+0	+0	+0	+0	+0	+0	+0	+0
ORTHOMCL6464	+0	+0	+0	+0	+0	+0	+0	+0	+0	+0	+0	+0	+0	+0	+0	+0	+0	+0	+0	+0	+0
ORTHOMCL6465	+0	+0	+0	+0	+0	+0	+0	+0	+0	+0	+0	+0	+0	+0	+0	+0	+0	+0	+0	+0	+0
ORTHOMCL6467	+0	+0	+0	+0	+0	+0	+0	+0	+0	+0	+0	+0	+0	+0	+0	+0	+0	+0	+0	+0	+0
ORTHOMCL6477	+0	+0	+0	+0	+0	+0	+0	+0	+0	+0	+0	+0	+0	+0	+0	+0	+0	+0	+0	+0	+0
ORTHOMCL6489	+0	+0	+0	+0	+0	+0	+0	+0	+0	+0	+0	+0	+0	+0	+0	+0	+0	+0	+0	+0	+0
ORTHOMCL6509	+0	+0	+0	+0	+0	+0	+0	+0	+0	+0	+0	+0	+0	+0	+0	+0	+0	+0	+0	+0	+0
ORTHOMCL6518	+0	+0	+0	+0	+0	+0	+0	+0	+0	+0	+0	+0	+0	+0	+0	+0	+0	+0	+0	+0	+0
ORTHOMCL6531	+0	+0	+0	+0	+0	+0	+0	+0	+0	+0	+0	+0	+0	+0	+0	+0	+0	+0	+0	+0	+0
ORTHOMCL6537	+0	+0	+0	+0	+0	+0	+0	+0	+0	+0	+0	+0	+0	+0	+0	+0	+0	+0	+0	+0	+0
ORTHOMCL6545	+0	+0	+0	+0	+0	+0	+0	+0	+0	+0	+0	+0	+0	+0	+0	+0	+0	+0	+0	+0	+0
ORTHOMCL6551	+0	+0	+0	+0	+0	+0	+0	+0	+0	+0	+0	+0	+0	+0	+0	+0	+0	+0	+0	+0	+0
ORTHOMCL6556	+0	+0	+0	+0	+0	+0	+0	+0	+0	+0	+0	+0	+0	+0	+0	+0	+0	+0	+0	+0	+0
ORTHOMCL6567	+0	+0	+0	+1	+0	-1	+0	+0	+0	+0	+0	+0	+0	+0	+0	+0	+0	+0	+0	+0	+0
ORTHOMCL6569	+0	+0	+0	+0	+0	+0	+0	+0	+0	+0	+0	+0	+0	+0	+0	+0	+0	+0	+0	+0	+0
ORTHOMCL6571	+0	+0	+0	+0	+0	+0	+0	+0	+0	+0	+0	+0	+0	+0	+0	+0	+0	+0	+0	+0	+0
ORTHOMCL6572	+0	+0	+0	+0	+0	+0	+0	+0	+0	+0	+0	+0	+0	+0	+0	+0	+0	+0	+0	+0	+0
ORTHOMCL6575	+0	+0	+0	+0	+0	+0	+0	+0	+0	+0	+0	+0	+0	+0	+0	+0	+0	+0	+0	+0	+0
ORTHOMCL6585	+0	+0	+0	+0	+0	+0	+0	+0	+0	+0	+0	+0	+0	+0	+0	+0	+0	+0	+0	+0	+0
ORTHOMCL6597	+0	+0	+0	+0	+0	+0	+0	+0	+0	+0	+0	+0	+0	+0	+0	+0	+0	+0	+0	+0	+0
ORTHOMCL6603	+0	+0	+0	+0	+0	+0	+0	+0	+0	+0	+0	+0	+0	+0	+0	+0	+0	+0	+0	+0	+0
ORTHOMCL6604	+0	+0	+0	+0	+0	+0	+0	+0	+0	+0	+0	+0	+0	+0	+0	+0	+0	+0	+0	+0	+0
ORTHOMCL6608	+0	+0	+0	+0	+0	+0	+0	+0	+0	+0	+0	+0	+0	+0	+0	+0	+0	+0	+0	+0	+0
ORTHOMCL6610	+0	+0	+0	+0	+0	+0	+0	+0	+0	+0	+0	+0	+0	+0	+0	+0	+0	+0	+0	+0	+0
ORTHOMCL6611	+0	+0	+0	+0	+0	+0	+0	+0	+0	+0	+0	+0	+0	+0	+0	+0	+0	+0	+0	+0	+0
ORTHOMCL6616	+0	+0	+0	+0	+0	+0	+0	+0	+0	+0	+0	+0	+0	+0	+0	+0	+0	+0	+0	+0	+0
ORTHOMCL6640	+0	+0	+0	+0	+0	+0	+0	+0	+0	+0	+0	+0	+0	+0	+0	+0	+0	+0	+0	+0	+0
ORTHOMCL6643	+0	+0	+0	+0	+0	+0	+0	+0	+0	+0	+0	+0	+0	+0	+0	+0	+0	+0	+0	+0	+0
ORTHOMCL6653	+0	+0	+0	+0	+0	+0	+0	+0	+0	+0	+0	+0	+0	+0	+0	+0	+0	+0	+0	+0	+0
ORTHOMCL6654	+0	+0	+0	+0	+0	+0	+0	+0	+0	+0	+0	+0	+0	+0	+0	+0	+0	+0	+0	+0	+0
ORTHOMCL6659	+0	+0	+0	+0	+0	+0	+0	+0	+0	+0	+0	+0	+0	+0	+0	+0	+0	+0	+0	+0	+0
ORTHOMCL6667	+0	+0	+0	+0	+0	+0	+0	+0	+0	+0	+0	+0	+0	+0	+0	+0	+0	+0	+0	+0	+0
ORTHOMCL6673	+0	+0	+0	+0	+0	+0	+0	+0	+0	+0	+0	+0	+0	+0	+0	+0	+0	+0	+0	+0	+0
ORTHOMCL6681	+0	+0	+0	+0	+0	+0	+0	+0	+0	+0	+0	+0	+0	+0	+0	+0	+0	+0	+0	+0	+0
ORTHOMCL6690	+0	+0	+0	+0	+0	+0	+0	+0	+0	+0	+0	+0	+0	+0	+0	+0	+0	+0	+0	+0	+0
ORTHOMCL6695	+0	+0	+0	+0	+0	+0	+0	+0	+0	+0	+0	+0	+0	+0	+0	+0	+0	+0	+0	+0	+0
ORTHOMCL6718	+0	+0	+0	+0	+0	+0	+0	+0	+0	-1	+0	+1	+0	+0	+0	+0	+0	+0	+0	+0	+0
ORTHOMCL6719	+0	+0	+0	+0	+0	+0	+0	+0	+0	+0	+0	+0	+0	+0	+0	+0	+0	+0	+0	+0	+0
ORTHOMCL6727	+0	+0	+0	+0	+0	+0	+0	+0	+0	+0	+0	+0	+0	+0	+0	+0	+0	+0	+0	+0	+0
ORTHOMCL6728	+0	+0	+0	+0	+0	+0	+0	+0	+0	+0	+0	+0	+0	+0	+0	+0	+0	+0	+0	+0	+0
ORTHOMCL6731	+0	+0	+0	+0	+0	+0	+0	+0	+0	+0	+0	+0	+0	+0	+0	+0	+0	+0	+0	+0	+0
ORTHOMCL6733	+0	+0	+0	+0	+0	+0	+0	+0	+0	+0	+0	+0	+0	+0	+0	+0	+0	+0	+0	+0	+0
ORTHOMCL6744	+0	+0	+0	+0	+0	+0	+0	+0	+0	+0	+0	+0	+0	+0	+0	+0	+0	+0	+0	+0	+0
ORTHOMCL6757	+0	+0	+0	+0	+0	+0	+0	+0	+0	+0	+0	+0	+0	+0	+0	+0	+0	+0	+0	+0	+0
ORTHOMCL6772	+0	+0	+0	+0	+0	+0	+0	+0	+0	+0	+0	+0	+0	+0	+0	+0	+0	+0	+0	+0	+0
ORTHOMCL6778	+0	+0	+0	+0	+0	+0	+0	+0	+0	+0	+0	+0	+0	+0	+0	+0	+0	+0	+0	+0	+0
ORTHOMCL6791	+0	+0	+0	+0	+0	+0	+0	+0	+0	+0	+0	+0	+0	+0	+0	+0	+0	+0	+0	+0	+0
ORTHOMCL6793	+0	+0	+0	+0	+0	+0	+0	+0	+0	+0	+0	+0	+0	+0	+0	+0	+0	+0	+0	+0	+0
ORTHOMCL6794	+0	+0	+0	+0	+0	+0	+0	+0	+0	+0	+0	+0	+0	+0	+0	+0	+0	+0	+0	+0	+0
ORTHOMCL6797	+0	+0	+0	+0	+0	+0	+0	+0	+0	+0	+0	-1	+0	+0	+0	+0	+1	+0	+0	+0	+0
ORTHOMCL6799	+0	+0	+0	+0	+0	+0	+0	+0	+0	+0	+0	+0	+0	+0	+0	+0	+0	+0	+0	+0	+0
ORTHOMCL6801	+0	+0	+0	+0	+0	+0	+0	+0	+0	+0	+0	+0	+0	+0	+0	+0	+0	+0	+0	+0	+0
ORTHOMCL6804	+0	+0	+0	+0	+0	+0	+0	+0	+0	+0	+0	+0	+0	+0	+0	+0	+0	+0	+0	+0	+0
ORTHOMCL6805	+0	+0	+0	+0	+0	+0	+0	+0	+0	+0	+0	+0	+0	+0	+0	+0	+0	+0	+0	+0	+0
ORTHOMCL6810	+0	+0	+0	+0	+0	+0	+0	+0	+0	+0	+0	+0	+0	+0	+0	+0	+0	+0	+0	+0	+0
ORTHOMCL6815	+0	+0	+0	+0	+0	+0	+0	+0	+0	+0	+0	+0	+0	+0	+0	+0	+0	+0	+0	+0	+0
ORTHOMCL6819	+0	+0	+0	+0	+0	+0	+0	+0	+0	+0	+0	+0	+0	+0	+0	+0	+0	+0	+0	+0	+0
ORTHOMCL6822	+0	+0	+0	+0	+0	+0	+0	+0	+0	+0	+0	+0	+0	+0	+0	+0	+0	+0	+0	+0	+0
ORTHOMCL6827	+0	+0	+0	+0	+0	+0	+0	+0	+0	+0	+0	+0	+0	+0	+0	+0	+0	+0	+0	+0	+0
ORTHOMCL6829	+0	+0	+0	+0	+0	+0	+0	+0	+0	+0	+0	-1	+0	+0	+0	+0	+1	+0	+0	+0	+0
ORTHOMCL6830	+0	+0	+0	+0	+0	+0	+0	+0	+0	+0	+0	+0	+0	+0	+0	+0	+0	+0	+0	+0	+0
ORTHOMCL6852	+0	+0	+0	+0	+0	+0	+0	+0	+0	+0	+0	+0	-1	+0	+0	+0	+1	+0	+0	+0	+0
ORTHOMCL6856	+0	+0	+0	+0	+0	+0	+0	+0	+0	+0	+0	+0	+0	+0	+0	+0	+0	+0	+0	+0	+0
ORTHOMCL6858	+0	+0	+0	+0	+0	+0	+0	+0	+0	+0	+0	+0	+0	+0	+0	+0	+0	+0	+0	+0	+0
ORTHOMCL6869	+0	+0	+0	+0	+0	+0	+0	+0	+0	+0	+0	+0	+0	+0	+0	+0	+0	+0	+0	+0	+0
ORTHOMCL6891	+0	+0	+0	+0	+0	+0	+0	+0	+0	+0	+0	+0	+0	+0	+0	+0	+0	+0	+0	+0	+0
ORTHOMCL6892	+0	+0	+0	+0	+0	+0	+0	+0	+0	+0	+0	+0	+0	+0	+0	+0	+0	+0	+0	+0	+0
ORTHOMCL6893	+0	+0	+0	+0	+0	+0	+0	+0	+0	+0	+0	+0	+0	+0	+0	+0	+0	+0	+0	+0	+0
ORTHOMCL6900	+0	+0	+0	+0	+0	+0	+0	+0	+0	+0	+0	+0	+0	+0	+0	+0	+0	+0	+0	+0	+0
ORTHOMCL6901	+0	+0	+0	+0	+0	+0	+0	+0	+0	+0	+0	+0	+0	+0	+0	+0	+0	+0	+0	+0	+0
ORTHOMCL6910	+0	+0	+0	+0	+0	+0	+0	+0	+0	+0	+0	+0	+0	+0	+0	+0	+0	+0	+0	+0	+0
ORTHOMCL6912	+0	+0	+0	+0	+0	+0	+0	+0	+0	+0	+0	+0	+0	+0	+0	+0	+0	+0	+0	+0	+0
ORTHOMCL6915	+0	+0	+0	+0	+0	+0	+0	+0	+0	+0	+0	+0	+0	+0	+0	+0	+0	+0	+0	+0	+0
ORTHOMCL6916	+0	+0	+0	+0	+0	+0	+0	+0	+0	+0	+0	+0	+0	+0	+0	+0	+0	+0	+0	+0	+0
ORTHOMCL6918	+0	+0	+0	+0	+0	+0	+0	+0	+0	+0	+0	+0	+0	+0	+0	+0	+0	+0	+0	+0	+0
ORTHOMCL6919	+0	+0	+0	+0	+0	+0	+0	+0	+0	+0	+0	+0	+0	+0	+0	+0	+0	+0	+0	+0	+0
ORTHOMCL6930	+0	+0	+0	+0	+0	+0	+0	+0	+0	+0	+0	+0	+0	+0	+0	+0	+0	+0	+0	+0	+0
ORTHOMCL6938	+0	+0	+0	+0	+0	+0	+0	+0	+0	+0	+0	+0	+0	+0	+0	+0	+0	+0	+0	+0	+0
ORTHOMCL6948	+0	+0	+0	+0	+0	+0	+0	+0	+0	+0	+0	+0	+0	+0	+0	+0	+0	+0	+0	+0	+0
ORTHOMCL6961	+0	+0	+0	+0	+0	+0	+0	+0	+0	+0	+0	+0	+0	+0	+0	+0	+0	+0	+0	+0	+0
ORTHOMCL6968	+0	+0	+0	+0	+0	+0	+0	+0	+0	+0	+0	+0	+0	+0	+0	+0	+0	+0	+0	+0	+0
ORTHOMCL6972	+0	+0	+0	+0	+0	+0	+0	+0	+0	+0	+0	+0	+0	+0	+0	+0	+0	+0	+0	+0	+0
ORTHOMCL6978	+0	+0	+0	+0	+0	+0	+0	+0	+0	+0	+0	+0	-1	+0	+0	+0	+1	+0	+0	+0	+0
ORTHOMCL6979	+0	+0	+0	+0	+0	+0	+0	+0	+0	+0	+0	+0	+0	+0	+0	+0	+0	+0	+0	+0	+0
ORTHOMCL6980	+0	+0	+0	+0	+0	+0	+0	+0	+0	+0	+0	+0	+0	+0	+0	+0	+0	+0	+0	+0	+0
ORTHOMCL6988	+0	+0	+0	+0	+0	+0	+0	+0	+0	+0	+0	+0	+0	+0	+0	+0	+0	+0	+0	+0	+0
ORTHOMCL6998	+0	+0	+0	+0	+0	+0	+0	+0	+0	+0	+0	+0	+0	+0	+0	+0	+0	+0	+0	+0	+0
ORTHOMCL7001	+0	+0	+0	+0	+0	+0	+0	+0	+0	+0	+0	+0	+0	+0	+0	+0	+0	+0	+0	+0	+0
ORTHOMCL7005	+0	+0	+0	+0	+0	+0	+0	+0	+0	+0	+0	+0	+0	+0	+0	+0	+0	+0	+0	+0	+0
ORTHOMCL7021	+0	+0	+0	+0	+0	+0	+0	+0	+0	+0	+0	+0	+0	+0	+0	+0	+0	+0	+0	+0	+0
ORTHOMCL7022	+0	+0	+0	+0	+0	+0	+0	+0	+0	+0	+0	+0	+0	+0	+0	+0	+0	+0	+0	+0	+0
ORTHOMCL7029	+0	+0	+0	+0	+0	+0	+0	+0	+0	+0	+0	+0	+0	+0	+0	+0	+0	+0	+0	+0	+0
ORTHOMCL7033	+0	+0	+0	+0	+0	+0	+0	+0	+0	+0	+0	+0	+0	+0	+0	+0	+0	+0	+0	+0	+0
ORTHOMCL7035	+0	+0	+0	+0	+0	+0	+0	+0	+0	+0	+0	+0	+0	+0	+0	+0	+0	+0	+0	+0	+0
ORTHOMCL7043	+0	+0	+0	+0	+0	+0	+0	+0	+0	+0	+0	+0	+0	+0	+0	+0	+0	+0	+0	+0	+0
ORTHOMCL7062	+0	+0	+0	+0	+0	+0	+0	+0	+0	+0	+0	+0	+0	+0	+0	+0	+0	+0	+0	+0	+0
ORTHOMCL7063	+0	+0	+0	+0	+0	+0	+0	+0	+0	+0	+0	+0	+0	+0	+0	+0	+0	+0	+0	+0	+0
ORTHOMCL7068	+0	+0	+0	+0	+0	+0	+0	+0	+0	+0	+0	+0	+0	+0	+0	+0	+0	+0	+0	+0	+0
ORTHOMCL7072	+0	+0	+0	+0	+0	+0	+0	+0	+0	+0	+0	+0	+0	+0	+0	+0	+0	+0	+0	+0	+0
ORTHOMCL7085	+0	+0	+0	+0	+0	+0	+0	+0	+0	+0	+0	+0	+0	+0	+0	+0	+0	+0	+0	+0	+0
ORTHOMCL7092	+0	+0	+0	+0	+0	+0	+0	+0	+0	+0	+0	+0	+0	+0	+0	+0	+0	+0	+0	+0	+0
ORTHOMCL7097	+0	+0	+0	+0	+0	+0	+0	+0	+0	+0	+0	+0	+0	+0	+0	+0	+0	+0	+0	+0	+0
ORTHOMCL7100	+0	+0	+0	+0	+0	+0	+0	+0	+0	+0	+0	+0	+0	+0	+0	+0	+0	+0	+0	+0	+0
ORTHOMCL7106	+0	+0	+0	+0	+0	+0	+0	+0	+0	+0	+0	+0	-1	+0	+0	+1	+0	+0	+0	+0	+0
ORTHOMCL7118	+0	+0	+0	+0	+0	+0	+0	+0	+0	+0	+0	+0	+0	+0	+0	+0	+0	+0	+0	+0	+0
ORTHOMCL7129	+0	+0	+0	+0	+0	+0	+0	+0	+0	+0	+0	+0	+0	+0	+0	+0	+0	+0	+0	+0	+0
ORTHOMCL7130	+0	+0	+0	+0	+0	+0	+0	+0	+0	+0	+0	+0	+0	+0	+0	+0	+0	+0	+0	+0	+0
ORTHOMCL7134	+0	+0	+0	+0	+0	+0	+0	+0	+0	+0	+0	+0	+0	+0	+0	+0	+0	+0	+0	+0	+0
ORTHOMCL7136	+0	+0	+0	+0	+0	+0	+0	+0	+0	+0	+0	+0	+0	+0	+0	+0	+0	+0	+0	+0	+0
ORTHOMCL7145	+0	+0	+0	+0	+0	+0	+0	+0	+0	+0	+0	+0	+0	+0	+0	+0	+0	+0	+0	+0	+0
ORTHOMCL7157	+0	+0	+0	+0	+0	+0	+0	+0	+0	+0	+0	+0	+0	+0	+0	+0	+0	+0	+0	+0	+0
ORTHOMCL7163	+0	+0	+0	+0	+0	+0	+0	+0	+0	+0	+0	+0	+0	+0	+0	+0	+0	+0	+0	+0	+0
ORTHOMCL7179	+0	+0	+0	+0	+0	+0	+0	+0	+0	+0	+0	+0	+0	+0	+0	+0	+0	+0	+0	+0	+0
ORTHOMCL7186	+0	+0	+0	+0	+0	+0	+0	+0	+0	+0	+0	+0	+0	+0	+0	+0	+0	+0	+0	+0	+0
ORTHOMCL7187	+0	+0	+0	+0	+0	+0	+0	+0	+0	+0	+0	+0	+0	+0	+0	+0	+0	+0	+0	+0	+0
ORTHOMCL7189	+0	+0	+0	+0	+0	+0	+0	+0	+0	+0	+0	+0	+0	+0	+0	+0	+0	+0	+0	+0	+0
ORTHOMCL7195	+0	+0	+0	+0	+0	+0	+0	+0	+0	+0	+0	+0	+0	+0	+0	+0	+0	+0	+0	+0	+0
ORTHOMCL7209	+0	+0	+0	+0	+0	+0	+0	+0	+0	+0	+0	+0	+0	+0	+0	+0	+0	+0	+0	+0	+0
ORTHOMCL7234	+0	+0	+0	+0	+0	+0	+0	+0	+0	+0	+0	+0	+0	+0	+0	+0	+0	+0	+0	+0	+0
ORTHOMCL7236	+0	+0	+0	+0	+0	+0	+0	+0	+0	+0	+0	+0	+0	+0	+0	+0	+0	+0	+0	+0	+0
ORTHOMCL7239	+0	+0	+0	+0	+0	+0	+0	+0	+0	+0	+0	+0	+0	+0	+0	+0	+0	+0	+0	+0	+0
ORTHOMCL7243	+0	+0	+0	+0	+0	+0	+0	+0	+0	-1	+0	+0	+0	+0	+0	+0	+1	+0	+0	+0	+0
ORTHOMCL7256	+0	+0	+0	+0	+0	+0	+0	+0	+0	+0	+0	+0	+0	+0	+0	+0	+0	+0	+0	+0	+0
ORTHOMCL7265	+0	+0	+0	+0	+0	+0	+0	+0	+0	+0	+0	+0	+0	+0	+0	+0	+0	+0	+0	+0	+0
ORTHOMCL7267	+0	+0	+0	+0	+0	+0	+0	+0	+0	+0	+0	+0	+1	-1	+0	+0	+0	+0	+0	+0	+0
ORTHOMCL7269	+0	+0	+0	+0	+0	+0	+0	+0	+0	+0	+0	+0	+0	+0	+0	+0	+0	+0	+0	+0	+0
ORTHOMCL7271	+0	+0	+0	+0	+0	+0	+0	+0	+0	+0	+0	+0	+0	+0	+0	+0	+0	+0	+0	+0	+0
ORTHOMCL7279	+0	+0	+0	+0	+0	+0	+0	+0	+0	+0	+0	+0	+0	+0	+0	+0	+0	+0	+0	+0	+0
ORTHOMCL7286	+0	+0	+0	+0	+0	+0	+0	+0	+0	+0	+0	+0	+0	+0	+0	+0	+0	+0	+0	+0	+0
ORTHOMCL7291	+0	+0	+0	+0	+0	+0	+0	+0	+0	+0	+0	+0	+0	+0	+0	+0	+0	+0	+0	+0	+0
ORTHOMCL7293	+0	+0	+0	+0	+0	+0	+0	+0	+0	+0	+0	+0	+0	+1	+0	+0	-1	+0	+0	+0	+0
ORTHOMCL7294	+0	+0	+0	+0	+0	+0	+0	+0	+0	+0	+0	+0	+0	+0	+0	+0	+0	+0	+0	+0	+0
ORTHOMCL7299	+0	+0	+0	+0	+0	+0	+0	+0	+0	+0	+0	+0	+0	+0	+0	+0	+0	+0	+0	+0	+0
ORTHOMCL7306	+0	+0	+0	+0	+0	+0	+0	+0	+0	+0	+0	+0	+0	+0	+0	+0	+0	+0	+0	+0	+0
ORTHOMCL7313	+0	+0	+0	+0	+0	+0	+0	+0	+0	+0	+0	+0	+0	+0	+0	+0	+0	+0	+0	+0	+0
ORTHOMCL7317	+0	+0	+0	+0	+0	+0	+0	+0	+0	+0	+0	+0	+0	+0	+0	+0	+0	+0	+0	+0	+0
ORTHOMCL7325	+0	+0	+0	+0	+0	+0	+0	+0	+0	+0	+0	+0	+0	+0	+0	+0	+0	+0	+0	+0	+0
ORTHOMCL7327	+0	+0	+0	+0	+0	+0	+0	+0	+0	+0	+0	+0	+0	+0	+0	+0	+0	+0	+0	+0	+0
ORTHOMCL7336	+0	+0	+0	+0	+0	+0	+0	+0	+0	+0	+0	+0	+0	+0	+0	+0	+0	+0	+0	+0	+0
ORTHOMCL7337	+0	+0	+0	+0	+0	+0	+0	+0	+0	+0	+0	+0	+0	+0	+0	+0	+0	+0	+0	+0	+0
ORTHOMCL7349	+0	+0	+0	+0	+0	+0	+0	+0	+0	+0	+0	+0	+0	+0	+0	+0	+0	+0	+0	+0	+0
ORTHOMCL7361	+0	+0	+0	+0	+0	+0	+0	+0	+0	+0	+0	+0	+0	+0	+0	+0	+0	+0	+0	+0	+0
ORTHOMCL7381	+0	+0	+0	+0	+0	+0	+0	+0	+0	+0	+0	+0	+0	+0	+0	+0	+0	+0	+0	+0	+0
ORTHOMCL7385	+0	+0	+0	+0	+0	+0	+0	+0	+0	+0	+0	+0	+0	+0	+0	+0	+0	+0	+0	+0	+0
ORTHOMCL7394	+0	+0	+0	+0	+0	+0	+0	+0	+0	+0	+0	+0	+0	+0	+0	+0	+0	+0	+0	+0	+0
ORTHOMCL7399	+0	+0	+0	+0	+0	+0	+0	+0	+0	+0	+0	+0	+0	+0	+0	+0	+0	+0	+0	+0	+0
ORTHOMCL7404	+0	+0	+0	+0	+0	+0	+0	+0	+0	+0	+0	+0	+0	+0	+0	+0	+0	+0	+0	+0	+0
ORTHOMCL7421	+0	+0	+0	+0	+0	+0	+0	+0	+0	+0	+0	+0	+0	+0	+0	+0	+0	+0	+0	+0	+0
ORTHOMCL7423	+0	+0	+0	+0	+0	+0	+0	+0	+0	+0	+0	+0	+0	+0	+0	+0	+0	+0	+0	+0	+0
ORTHOMCL7425	+0	+0	+0	+0	+0	+0	+0	+0	+0	+0	+0	+0	+0	+0	+0	+0	+0	+0	+0	+0	+0
ORTHOMCL7430	+0	+0	+0	+0	+0	+0	+0	+0	+0	+0	+0	+0	+0	+0	+0	+0	+0	+0	+0	+0	+0
ORTHOMCL7431	+0	+0	+0	+0	+0	+0	+0	+0	+0	+0	+0	+0	+0	+0	+0	+0	+0	+0	+0	+0	+0
ORTHOMCL7432	+0	+0	+0	+0	+0	+0	+0	+0	+0	+0	+0	+0	+0	+0	+0	+0	+0	+0	+0	+0	+0
ORTHOMCL7434	+0	+0	+0	+0	+0	+0	+0	+0	+0	+0	+0	+0	+0	+0	+0	+0	+0	+0	+0	+0	+0
ORTHOMCL7440	+0	+0	+0	+0	+0	+0	+0	+0	+0	+0	+0	+0	+0	+0	+0	+0	+0	+0	+0	+0	+0
ORTHOMCL7442	+0	+0	+0	+0	+0	+0	+0	+0	+0	+0	+0	+0	+0	+0	+0	+0	+0	+0	+0	+0	+0
ORTHOMCL7444	+0	+0	+0	+0	+0	+0	+0	+0	+0	+0	+0	+0	+0	+0	+0	+0	+0	+0	+0	+0	+0
ORTHOMCL7447	+0	+0	+0	+0	+0	+0	+0	+0	+0	+0	+0	+0	+0	+0	+0	+0	+0	+0	+0	+0	+0
ORTHOMCL7460	+0	+0	+0	+0	+0	+0	+0	+0	+0	+0	+0	+0	+0	+0	+0	+0	+0	+0	+0	+0	+0
ORTHOMCL7467	+0	+0	+0	+0	+0	+0	+0	+0	+0	+0	+0	+0	+0	+0	+0	+0	+0	+0	+0	+0	+0
ORTHOMCL7484	+0	+0	+0	+0	+0	+0	+0	+0	+0	+0	+0	+0	+0	+0	+0	+0	+0	+0	+0	+0	+0
ORTHOMCL7485	+0	+0	+0	+0	+0	+0	+0	+0	+0	+0	+0	+0	+0	+0	+0	+0	+0	+0	+0	+0	+0
ORTHOMCL7492	+0	+0	+0	+0	+0	+0	+0	+0	+0	+0	+0	+0	+0	+0	+0	+0	+0	+0	+0	+0	+0
ORTHOMCL7498	+0	+0	+0	+0	+0	+0	+0	+0	+0	+0	+0	+0	+0	+0	+0	+0	+0	+0	+0	+0	+0
ORTHOMCL7502	+0	+0	+0	+0	+0	+0	+0	+0	+0	+0	+0	+0	+0	+0	+0	+0	+0	+0	+0	+0	+0
ORTHOMCL7503	+0	+0	+0	+0	+0	+0	+0	+0	+0	+0	+0	+0	+0	+0	+0	+0	+0	+0	+0	+0	+0
ORTHOMCL7523	+0	+0	+0	+0	+0	+0	+0	+0	+0	+0	+0	+0	+0	+0	+0	+0	+0	+0	+0	+0	+0
ORTHOMCL7534	+0	+0	+0	+0	+0	+0	+0	+0	+0	+0	+0	+0	+0	+0	+0	+0	+0	+0	+0	+0	+0
ORTHOMCL7539	+0	+0	+0	+0	+0	+0	+0	+0	+0	+0	+0	+0	+0	+0	+0	+0	+0	+0	+0	+0	+0
ORTHOMCL7541	+0	+0	+0	+0	+0	+0	+0	+0	+0	+0	+0	+0	+0	+0	+0	+0	+0	+0	+0	+0	+0
ORTHOMCL7544	+0	+0	+0	+0	+0	+0	+0	+0	+0	+0	+0	+0	+0	+0	+0	+0	+0	+0	+0	+0	+0
ORTHOMCL7557	+0	+0	+0	+0	+0	+0	+0	+0	+0	+0	+0	+0	+0	+0	+0	+0	+0	+0	+0	+0	+0
ORTHOMCL7559	+0	+0	+0	+0	+0	+0	+0	+0	+0	+0	+0	+0	+0	+0	+0	+0	+0	+0	+0	+0	+0
ORTHOMCL7564	+0	+0	+0	+0	+0	+0	+0	+0	+0	+0	+0	+0	+0	+0	+0	+1	-1	+0	+0	+0	+0
ORTHOMCL7567	+0	+0	+0	+0	+0	+0	+0	+0	+0	+0	+0	+0	+0	+0	+0	+0	+0	+0	+0	+0	+0
ORTHOMCL7575	+0	+0	+0	+0	+0	+0	+0	+0	+0	+0	+0	+0	+0	+0	+0	+0	+0	+0	+0	+0	+0
ORTHOMCL7579	+0	+0	+0	+0	+0	+0	+0	+0	+0	+0	+0	+0	+0	+0	+0	+0	+0	+0	+0	+0	+0
ORTHOMCL7582	+0	+0	+0	+0	+0	+0	+0	+0	+0	+0	+0	+0	+0	+0	+0	+0	+0	+0	+0	+0	+0
ORTHOMCL7584	+0	+0	+0	+0	+0	+0	+0	+0	+0	+0	+0	+0	+0	+0	+0	+0	+0	+0	+0	+0	+0
ORTHOMCL7587	+0	+0	+0	+0	+0	+0	+0	+0	+0	+0	+0	+0	+0	+0	+0	+0	+0	+0	+0	+0	+0
ORTHOMCL7596	+0	+0	+0	+0	+0	+0	+0	+0	+0	+0	+0	+0	+0	+0	+0	+0	+0	+0	+0	+0	+0
ORTHOMCL7613	+0	+0	+0	+0	+0	+0	+0	+0	+0	+0	+0	+0	+0	+0	+0	+0	+0	+0	+0	+0	+0
ORTHOMCL7618	+0	+0	+0	+0	+0	+0	+0	+0	+0	+0	+0	+0	+0	+0	+0	+0	+0	+0	+0	+0	+0
ORTHOMCL7627	+0	+0	+0	+0	+0	+0	+0	+0	+0	+0	+0	+0	+0	+0	+0	+0	+0	+0	+0	+0	+0
ORTHOMCL7636	+0	+0	+0	+0	+0	+0	+0	+0	+0	+0	+0	+0	+0	+0	+0	+0	+0	+0	+0	+0	+0
ORTHOMCL7659	+0	+0	+0	+0	+0	+0	+0	+0	+0	+0	+0	+0	+0	+0	+0	+0	+0	+0	+0	+0	+0
ORTHOMCL7665	+0	+0	+0	+0	+0	+0	+0	+0	+0	+0	+0	+0	+0	+0	+0	+0	+0	+0	+0	+0	+0
ORTHOMCL7668	+0	+0	+0	+0	+0	+0	+0	+0	+0	+0	+0	+0	+0	+0	+0	+0	+0	+0	+0	+0	+0
ORTHOMCL7676	+0	+0	+0	+0	+0	+0	+0	+0	+0	+0	+0	+0	+0	+0	+0	+0	+0	+0	+0	+0	+0
ORTHOMCL7677	+0	+0	+0	+0	+0	+0	+0	+0	+0	+0	+0	+0	+0	+0	+0	+0	+0	+0	+0	+0	+0
ORTHOMCL7682	+0	+0	+0	+0	+0	+0	+0	+0	+0	+0	+0	+0	+0	+0	+0	+0	+0	+0	+0	+0	+0
ORTHOMCL7699	+0	+0	+0	+0	+0	+0	+0	+0	+0	+0	+0	+0	+0	+0	+0	+0	+0	+0	+0	+0	+0
ORTHOMCL7732	+0	+0	+0	+0	+0	+0	+0	+0	+0	+0	+0	+0	+0	+0	+0	+0	+0	+0	+0	+0	+0
ORTHOMCL7735	+0	+0	+0	+0	+0	+0	+0	+0	+0	+0	+0	+0	+0	+0	+0	+0	+0	+0	+0	+0	+0
ORTHOMCL7737	+0	+0	+0	+0	+0	+0	+0	+0	+0	+0	+0	+0	+0	+1	+0	-1	+0	+0	+0	+0	+0
ORTHOMCL7741	+0	+0	+0	+0	+0	+0	+0	+0	+0	+0	+0	+0	+0	+0	+0	+0	+0	+0	+0	+0	+0
ORTHOMCL7742	+0	+0	+0	+0	+0	+0	+0	+0	+0	+0	+0	+0	+0	+0	+0	+0	+0	+0	+0	+0	+0
ORTHOMCL7757	+0	+0	+0	+0	+0	+0	+0	+0	+0	+0	+0	+0	+0	+0	+0	+0	+0	+0	+0	+0	+0
ORTHOMCL7763	+0	+0	+0	+0	+0	+0	+0	+0	+0	+0	+0	+0	+0	+0	+0	+0	+0	+0	+0	+0	+0
ORTHOMCL7775	+0	+0	+0	+0	+0	+0	+0	+0	+0	+0	+0	+0	+0	+0	+0	+0	+0	+0	+0	+0	+0
ORTHOMCL7786	+0	+0	+0	+0	+0	+0	+0	+0	+0	+0	+0	+0	+0	+0	+0	+0	+0	+0	+0	+0	+0
ORTHOMCL7792	+0	+0	+0	+0	+0	+0	+0	+0	+0	+0	+0	+0	+0	+0	+0	+0	+0	+0	+0	+0	+0
ORTHOMCL7804	+0	+0	+0	+0	+0	+0	+0	+0	+0	+0	+0	+0	+0	+0	+0	+0	+0	+0	+0	+0	+0
ORTHOMCL7805	+0	+0	+0	+0	+0	+0	+0	+0	+0	+0	+0	+0	+0	+0	+0	+0	+0	+0	+0	+0	+0
ORTHOMCL7809	+0	+0	+0	+0	+0	+0	+0	+0	+0	+0	+0	+0	+0	+0	+0	+0	+0	+0	+0	+0	+0
ORTHOMCL7820	+0	+0	+0	+0	+0	+0	+0	+0	+0	+0	+0	+0	+0	+0	+0	+0	+0	+0	+0	+0	+0
ORTHOMCL7830	+0	+0	+0	+0	+0	+0	+0	+0	+0	+0	+0	+0	+0	+0	+0	+0	+0	+0	+0	+0	+0
ORTHOMCL7832	+0	+0	+0	+0	+0	+0	+0	+0	+0	+0	+0	+0	+0	+0	+0	+0	+0	+0	+0	+0	+0
ORTHOMCL7880	+0	+0	+0	+0	+0	+0	+0	+0	+0	+0	+0	+0	+0	+0	+0	-1	+0	+0	+0	+0	+0
ORTHOMCL7882	-1	+0	+0	+0	+0	+0	+0	+0	+0	+0	+0	+0	+0	+0	+0	+0	+0	+0	+0	+0	+0
ORTHOMCL7886	+0	+0	+0	+0	+0	-1	+0	+0	+0	+0	+0	+0	+0	+0	+0	+0	+0	+0	+0	+0	+0
ORTHOMCL7913	+0	+0	+0	+0	+0	+0	+0	+0	+0	+0	+0	+0	+0	+0	+0	-1	+0	+0	+0	+0	+0
ORTHOMCL7919	+0	+0	+0	+0	+0	+0	+0	+0	+0	-1	+0	+0	+0	+0	+0	+0	+0	+0	+0	+0	+0
ORTHOMCL7925	+0	+0	+0	+0	+0	+0	+0	+0	+0	+0	+0	+0	+0	-1	+0	+0	+0	+0	+0	+0	+0
ORTHOMCL7953	+0	+0	+0	+0	+0	+0	+0	+0	+0	+0	+0	+0	+0	+0	+0	-1	+0	+0	+0	+0	+0
ORTHOMCL7965	+0	+0	+0	+0	+0	+0	+0	+0	+0	+0	+0	+0	+0	-1	+0	+0	+0	+0	+0	+0	+0
ORTHOMCL7982	+0	+0	+0	+0	+0	-1	+0	+0	+0	+0	+0	+0	+0	+0	+0	+0	+0	+0	+0	+0	+0
ORTHOMCL7992	+0	+0	+0	+0	+0	+0	+0	+0	+0	+0	+0	-1	+0	+0	+0	+0	+0	+0	+0	+0	+0
ORTHOMCL7994	+1	+0	+0	+0	+0	+0	+0	+0	+0	+0	+0	+0	-1	+0	+0	-1	+0	+0	+0	+0	+0
ORTHOMCL7996	+0	+0	+0	+0	+0	+0	+0	+0	+0	+0	+0	+0	+0	+0	+0	-1	+0	+0	+0	+0	+0
ORTHOMCL8005	+0	+0	+0	+0	+0	+0	+0	+0	+0	+0	+0	+0	-1	+0	+0	+0	+0	+0	+0	+0	+0
ORTHOMCL8012	+0	+0	+0	+1	+0	+0	+0	+0	+0	+0	+0	+0	-1	+0	+0	-1	+0	+0	+0	+0	+0
ORTHOMCL8029	+0	+0	+0	+0	+0	+0	+0	+0	+0	-1	+0	+0	+0	+0	+0	+0	+0	+0	+0	+0	+0
ORTHOMCL8048	+0	+0	+0	+0	+0	+0	+0	+0	+0	+0	+0	+0	+0	+0	+0	-1	+0	+0	+0	+0	+0
ORTHOMCL8058	+0	+0	+0	+0	+0	+0	+0	+0	+0	-1	+0	+0	+0	+0	+0	+0	+0	+0	+0	+0	+0
ORTHOMCL8064	+0	+0	+0	+0	+0	+0	+0	+0	+0	+0	+0	+0	-1	+0	+0	+0	+0	+0	+0	+0	+0
ORTHOMCL8070	+0	+0	+0	+0	+0	+0	+0	+0	+0	+0	+0	+0	+0	+0	+0	+0	-1	+0	+0	+0	+0
ORTHOMCL8078	+0	+0	+0	+0	+0	+0	+0	+0	+0	+0	+0	-1	+0	+0	+0	+0	+0	+0	+0	+0	+0
ORTHOMCL8083	+0	+0	+0	+0	+0	+0	+0	+0	+0	+0	+0	+0	-1	+0	+0	+0	+0	+0	+0	+0	+0
ORTHOMCL8096	+0	-1	+0	+0	+0	+0	+0	+0	+0	+0	+0	+0	+0	+0	+0	+0	+0	+0	+0	+0	+0
ORTHOMCL8113	+0	+0	+0	+0	+0	+0	+0	+0	+0	+0	+0	+0	+0	+0	+0	-1	+0	+0	+0	+0	+0
ORTHOMCL8116	+0	-1	+0	+0	+0	+0	+0	+0	+0	+0	+0	+0	+0	+0	+0	+0	+0	+0	+0	+0	+0
ORTHOMCL8121	+0	+0	+0	+0	+0	-1	+0	+0	+0	+0	+0	+0	+0	+0	+0	+0	+0	+0	+0	+0	+0
ORTHOMCL8134	+0	+0	+0	+0	+0	+0	+0	+0	+0	+0	+0	+0	-1	+0	+0	+0	+0	+0	+0	+0	+0
ORTHOMCL8146	+0	+0	+0	+0	+0	-1	+0	+0	+0	+0	+0	+0	-1	+0	+0	+0	+1	+0	+0	+0	+0
ORTHOMCL8155	+0	+0	+0	+0	+0	+0	+0	+0	+0	+0	+0	+0	-1	+0	+0	+0	+0	+0	+0	+0	+0
ORTHOMCL8164	+0	+0	+0	+0	+0	+0	+0	+0	+0	+0	+0	-1	+0	+0	+0	+0	+0	+0	+0	+0	+0
ORTHOMCL8239	+0	+0	+0	+0	+0	+0	+0	+0	+0	+0	+0	+0	+0	+0	+0	-1	+0	+0	+0	+0	+0
ORTHOMCL8259	+0	+0	+0	+0	+0	+0	+0	+0	+0	+0	+0	+0	+0	+0	+0	-1	+0	+0	+0	+0	+0
ORTHOMCL8263	+0	+0	+0	+0	+0	+0	+0	+0	+0	+0	+0	+1	-1	+0	+0	+0	-1	+0	+0	+0	+0
ORTHOMCL8274	+0	+0	+0	+0	+0	+0	+0	+0	+0	+0	+0	-1	+0	+0	+0	+1	+1	-1	+0	+0	+0
ORTHOMCL8287	+0	+0	+0	+0	+0	+0	+0	+0	+0	+0	+0	+0	-1	+0	+0	+0	+0	+0	+0	+0	+0
ORTHOMCL8296	+0	+0	+0	+0	+0	+0	+0	+0	+0	-1	+0	+0	+0	+0	+0	+0	+0	+0	+0	+0	+0
ORTHOMCL8307	+0	+0	+0	+0	+0	-1	+0	+0	+0	+0	+0	+0	+0	+0	+0	+0	+0	+0	+0	+0	+0
ORTHOMCL8317	+0	-1	+0	+0	+0	+0	+0	+0	+0	+1	+0	+0	+0	+0	+0	+0	-1	+0	+0	+0	+0
ORTHOMCL8318	+0	+0	+0	+0	+0	+0	+0	+0	+0	+0	+0	+0	+0	+0	+0	-1	+0	+0	+0	+0	+0
ORTHOMCL8319	+0	+0	+0	+0	+0	+0	+0	+0	+0	+0	+0	+0	-1	+0	+0	+0	+0	+0	+0	+0	+0
ORTHOMCL8325	+0	+0	+0	+0	+0	+0	+0	+0	+0	+0	+0	+0	-1	+0	+0	+0	+0	+0	+0	+0	+0
ORTHOMCL8336	+0	+0	+0	+0	+0	+0	+0	+0	+0	+0	+0	+0	-1	+0	+0	+0	+0	+0	+0	+0	+0
ORTHOMCL8337	+0	+0	+0	+0	+0	+0	+0	+0	+0	+0	+0	+0	+0	+0	+0	+0	-1	+0	+0	+0	+0
ORTHOMCL8342	+0	+0	+0	+0	+0	+0	+0	+0	+0	-1	+0	+0	+0	+0	+0	+0	+0	+0	+0	+0	+0
ORTHOMCL8343	+0	+0	+0	+0	+0	+0	+0	+0	+0	+0	+0	+0	-1	+0	+0	+0	+0	+0	+0	+0	+0
ORTHOMCL8351	+0	+0	+0	+0	+0	+0	+0	+0	+0	+0	+0	+0	-1	+0	+0	+0	+0	+0	+0	+0	+0
ORTHOMCL8353	+0	+0	+0	+0	+0	+0	+0	+0	+0	+0	+0	+0	+0	+0	+0	+0	-1	+0	+0	+0	+0
ORTHOMCL8363	+0	+0	+0	+0	+0	+0	+0	+0	+0	+0	+0	+0	-1	+0	+0	+0	+0	+0	+0	+0	+0
ORTHOMCL8377	+0	+0	+0	+0	+0	+0	+0	+0	+0	+0	+0	+0	+0	+0	+0	-1	+0	+0	+0	+0	+0
ORTHOMCL8380	+0	+0	+0	+0	+0	+0	+0	+0	+0	-1	+0	-1	+0	+0	+0	+0	+1	+0	+0	+0	+0
ORTHOMCL8408	+0	+0	+0	+0	+0	+0	+0	+0	+0	+0	+0	+0	-1	+0	+0	+0	+0	+0	+0	+0	+0
ORTHOMCL8410	+0	+0	+0	+0	+0	+0	+0	+0	+0	+0	+0	+0	+0	+0	+0	-1	+0	+0	+0	+0	+0
ORTHOMCL8432	+0	+0	+0	+0	+0	-1	+0	+0	+0	+0	+0	+0	+0	+0	+0	+0	+0	+0	+0	+0	+0
ORTHOMCL8446	+0	+0	+0	+0	+0	+0	+0	+0	+0	+0	+0	+0	+0	-1	+0	-1	+1	+0	+0	+0	+0
ORTHOMCL8451	+0	+0	+0	+0	+0	+0	+0	+0	+0	+0	+0	+0	+0	+0	+0	+0	-1	+0	+0	+0	+0
ORTHOMCL8467	+0	+0	+0	+0	+0	+0	+0	+0	+0	-1	+0	-1	+0	+0	+0	+0	+1	+0	+0	+0	+0
ORTHOMCL8476	+0	-1	+0	+0	+0	+0	+0	+0	+0	+0	+0	+0	-1	+0	+0	+1	+0	+0	+0	+0	+0
ORTHOMCL8481	+0	+0	+0	-1	+0	+0	+0	+0	+0	+0	+0	+0	+0	+0	+0	+0	+0	+0	+0	+0	+0
ORTHOMCL8494	+0	+0	+0	-1	+0	+0	+0	+0	+0	+0	+0	+0	+0	+0	+0	+0	+0	+0	+0	+0	+0
ORTHOMCL8502	+0	+0	+0	-1	+0	+0	+0	+0	+0	+0	+0	+0	+0	+0	+0	+0	+0	+0	+0	+0	+0
ORTHOMCL8574	+0	+0	+0	+0	+0	-1	+0	+0	+0	+0	+0	+0	-1	+0	+0	+0	+0	+0	+0	+0	+0
ORTHOMCL8577	+0	-1	+0	+0	+0	+0	+0	+0	+0	+0	+0	+0	+0	+0	+0	-1	+0	+0	+0	+0	+0
ORTHOMCL8599	+0	+0	+0	+0	+0	+0	+0	+0	+0	+0	+0	-1	+0	+0	+0	+0	-1	+0	+0	+0	+0
ORTHOMCL8631	+0	+0	+0	+0	+0	+0	+0	+0	+0	-1	+0	+0	-1	+0	+0	+0	+0	+0	+0	+0	+0
ORTHOMCL8656	+0	-1	+0	+0	+0	+0	+0	+0	+0	+0	+0	+0	+0	+0	+0	+0	-1	+0	+0	+0	+0
ORTHOMCL8658	+0	+0	+0	+0	+0	+0	+0	+0	+0	+0	+0	+0	-1	+0	+0	+0	-1	+0	+0	+0	+0
ORTHOMCL8674	+0	+0	+0	+0	+0	-1	+0	+0	+0	+0	+0	+0	-1	+0	+0	+0	+0	+0	+0	+0	+0
ORTHOMCL8717	+0	+0	+0	+0	+0	+0	+0	+0	+0	+0	+0	+0	-1	+0	+0	-1	+0	+0	+0	+0	+0
ORTHOMCL8740	+0	+0	+0	+0	+0	+0	+0	+0	+0	+0	+0	+0	+0	-1	+0	+0	-1	+0	+0	+0	+0
ORTHOMCL8752	+0	+0	+0	+0	+0	-1	+0	+0	+0	+0	+0	+0	+0	+0	+0	-1	+0	+0	+0	+0	+0
ORTHOMCL8767	+0	+0	+0	+0	-1	+0	+0	+0	+0	+0	+0	+0	+0	+0	+0	+0	+0	+0	+0	+0	+0
ORTHOMCL8787	+0	+0	+0	-1	+0	+0	+0	+0	+0	+0	+0	+0	+0	+0	+0	+0	-1	+0	+0	+0	+0
ORTHOMCL8795	+0	+0	+0	-1	+0	+0	+0	+0	+0	+0	+0	+0	+0	+0	+0	+0	-1	+0	+0	+0	+0
ORTHOMCL8801	+0	+0	+0	-1	+0	+0	+0	+0	+0	+0	+0	+0	+0	+0	+0	-1	+0	+0	+0	+0	+0
ORTHOMCL8802	+0	+0	+0	-1	+0	-1	+0	+0	+0	+0	+0	+0	+0	+0	+0	+0	+0	+0	+0	+0	+0
ORTHOMCL8808	-1	+0	+0	-1	+0	+0	+0	+0	+0	+0	+0	+0	+0	+0	+0	+0	+0	+0	+0	+0	+0
ORTHOMCL8812	+0	+0	+0	-1	+0	+0	+0	+0	+0	+0	+0	+0	+0	+0	+0	+0	-1	+0	+0	+0	+0
ORTHOMCL8859	+0	-1	+0	+0	+0	+0	+0	+0	+0	-1	+0	+0	+0	+0	+0	+0	-1	+0	+0	+0	+0
ORTHOMCL8927	+0	+0	+0	+0	+0	+0	+0	-1	+0	+0	+0	+0	-1	+0	+0	+0	+1	+0	+0	+0	+0
ORTHOMCL8939	+0	+0	+0	+0	+0	-1	+0	+0	+0	-1	+0	-1	+0	+0	+0	+0	+0	+0	+0	+0	+0
ORTHOMCL8955	+0	+0	+0	+0	+0	+0	+0	+0	+0	-1	+0	+0	+0	-1	+0	-1	+0	+0	+0	+0	+0
ORTHOMCL8963	+0	+0	+0	+0	+0	-1	+0	+0	+0	+0	+0	-1	+0	+0	+0	+0	-1	+0	+0	+0	+0
ORTHOMCL8970	+0	+0	+0	-1	+0	+0	+0	+0	+0	+0	+0	+0	+0	-1	+0	+0	-1	+0	+0	+0	+0
ORTHOMCL9036	+0	+0	+0	+0	+0	-1	+0	+0	+0	+0	+0	-1	+0	+0	+0	+0	+0	-1	+0	+0	+0
ORTHOMCL9084	+0	+0	+0	+0	+0	-1	+0	+0	+0	-1	+0	+0	+0	+0	+0	+0	+0	-1	+0	+0	+0
ORTHOMCL9124	+0	+0	+0	+0	-1	+0	+0	+0	+0	+0	+0	+0	+0	+0	+0	-1	-1	+0	+0	+0	+0
ORTHOMCL9133	+0	+0	+0	+0	-1	+0	+0	+0	+0	+0	+0	+0	-1	+0	+0	-1	+0	+0	+0	+0	+0
ORTHOMCL9233	+0	+0	+0	+0	-1	+0	+0	+0	+0	+0	+0	+0	+0	+0	+0	-1	+0	-1	+0	+0	+0
ORTHOMCL9272	+0	+0	+0	+0	-1	+0	+0	+0	+0	+0	+0	+0	+0	+0	+0	-1	+0	-1	+0	+0	+0
ORTHOMCL9290	+0	+0	+0	+0	-1	+0	+0	+0	+0	-1	+0	-1	+0	+0	+0	+1	+0	-1	+0	+0	+0
ORTHOMCL9297	+0	+0	+3	-1	+0	+0	+0	-1	+0	-1	+0	+0	+0	-1	+0	-1	-1	+0	+0	+0	+0
ORTHOMCL9626	+0	+0	+0	+0	-1	+0	+0	+0	+0	-1	+0	-1	+0	-1	+0	-1	-1	+0	+0	+0	+0
ORTHOMCL9656	+0	-1	+1	-1	+0	-1	+0	+0	+0	-1	+0	-1	+0	-1	+0	-1	-1	+0	+0	+0	+0
ORTHOMCL9929	+0	+0	+0	-1	+0	+0	+0	-1	+0	-1	+0	+0	+0	-1	+0	-1	-1	+0	+0	+0	+0
ORTHOMCL10448	+0	+0	+0	-1	+0	+0	+0	-1	+0	-1	+0	-1	+0	-1	+0	-1	-1	+0	+0	+0	+0
