FamilyID	Bimp<0>	Bter<1>	Amel<2>	Aflo<3>	<4>	Mqua<5>	<6>	<7>	<8>	Emex<9>	<10>	Hlab<11>	Lalb<12>	Dnov<13>	<14>	Ccal<15>	Mrot<16>	<17>	<18>	<19>	<20>
ORTHOMCL14	10	7	4	6	7	4	6	6	6	6	6	4	4	4	6	6	11	5	6	6	6
ORTHOMCL30	4	6	3	5	4	3	4	4	4	6	4	3	3	3	4	8	4	4	4	4	4
ORTHOMCL48	3	4	3	11	4	7	4	4	4	2	3	2	2	3	3	3	2	3	3	3	3
ORTHOMCL53	4	5	1	1	4	1	1	4	4	8	5	5	1	5	5	5	5	5	5	5	5
ORTHOMCL69	0	5	1	1	2	1	1	2	2	7	5	7	1	4	5	5	6	4	5	5	5
ORTHOMCL91	3	3	3	3	3	3	3	3	3	4	3	3	3	3	3	3	3	3	3	3	3
ORTHOMCL95	4	7	1	2	4	1	2	2	2	1	2	1	2	5	2	4	6	4	4	4	4
ORTHOMCL100	6	3	2	2	3	3	2	3	3	4	3	3	2	3	3	3	2	3	3	3	3
ORTHOMCL118	3	3	3	3	3	3	3	3	3	3	3	3	2	3	3	3	2	3	3	3	3
ORTHOMCL119	5	4	2	3	4	2	2	2	2	2	2	2	2	2	2	5	2	2	2	2	2
ORTHOMCL120	4	6	1	2	4	1	2	3	3	4	3	1	1	1	3	4	6	2	3	3	3
ORTHOMCL126	1	1	1	1	1	1	1	1	1	10	3	1	1	3	3	4	7	3	3	3	3
ORTHOMCL131	7	7	1	1	7	1	1	2	2	2	2	1	1	1	2	1	8	1	2	2	2
ORTHOMCL138	5	5	2	4	5	2	2	2	2	2	2	2	2	2	2	2	2	2	2	2	2
ORTHOMCL158	3	3	3	2	3	3	3	3	3	3	3	4	2	2	3	2	2	2	2	2	2
ORTHOMCL168	2	2	2	2	2	4	2	2	2	2	2	2	2	2	2	5	3	2	2	2	2
ORTHOMCL171	3	3	1	3	3	1	3	3	3	4	3	6	2	1	3	1	3	2	3	3	3
ORTHOMCL172	4	5	1	2	4	1	2	3	3	4	3	4	1	2	3	1	3	2	3	3	3
ORTHOMCL173	8	1	1	2	2	1	2	2	2	3	2	1	1	1	2	8	1	1	2	1	2
ORTHOMCL174	4	3	1	2	3	1	2	2	2	2	2	3	1	3	3	3	5	3	3	3	3
ORTHOMCL175	4	6	2	2	4	1	2	2	2	3	2	1	1	3	2	3	2	2	2	2	2
ORTHOMCL177	3	4	1	2	3	1	2	2	2	2	2	2	1	6	2	4	1	2	2	2	2
ORTHOMCL179	3	2	2	3	2	2	2	2	2	1	2	2	2	2	2	4	4	2	2	2	2
ORTHOMCL195	3	2	2	4	2	2	2	2	2	2	2	2	2	2	2	3	3	2	2	2	2
ORTHOMCL207	2	2	2	2	2	2	2	2	2	2	2	2	1	3	2	2	6	2	2	2	2
ORTHOMCL212	4	5	2	2	4	2	2	2	2	2	2	2	1	2	2	2	2	2	2	2	2
ORTHOMCL218	5	3	1	3	3	1	3	3	3	3	3	3	1	1	3	4	1	1	3	2	3
ORTHOMCL227	4	6	3	4	4	1	3	2	2	1	2	1	1	1	2	2	2	1	2	2	2
ORTHOMCL229	2	3	2	2	2	2	2	2	2	2	2	3	1	3	3	2	4	3	3	3	3
ORTHOMCL241	2	2	1	5	2	1	2	2	2	3	2	2	1	1	2	5	2	1	2	2	2
ORTHOMCL245	3	5	2	2	3	3	2	3	2	2	2	2	2	1	2	2	1	2	2	2	2
ORTHOMCL248	2	3	2	2	2	2	2	2	2	3	2	2	1	2	2	2	4	2	2	2	2
ORTHOMCL268	2	2	2	2	2	2	2	2	2	2	2	2	2	2	2	5	2	2	2	2	2
ORTHOMCL269	3	3	2	2	3	2	2	2	2	3	2	2	1	2	2	2	3	2	2	2	2
ORTHOMCL289	1	1	1	3	1	1	2	1	2	4	2	6	1	2	2	2	2	2	2	2	2
ORTHOMCL305	2	2	2	2	2	2	2	2	2	2	2	2	2	2	2	4	2	2	2	2	2
ORTHOMCL309	2	3	2	2	2	2	2	2	2	2	2	2	3	2	2	2	2	2	2	2	2
ORTHOMCL311	2	2	2	2	2	2	2	2	2	2	2	2	2	2	2	4	2	2	2	2	2
ORTHOMCL314	2	2	1	1	2	2	1	2	2	1	2	1	5	3	2	4	2	3	2	2	2
ORTHOMCL318	4	7	1	1	4	1	1	1	1	2	1	1	1	1	1	4	1	1	1	1	1
ORTHOMCL319	3	4	1	1	3	1	1	1	1	5	1	1	1	1	1	5	1	1	1	1	1
ORTHOMCL328	5	3	1	1	3	1	1	2	2	3	2	1	1	1	2	5	2	1	2	2	2
ORTHOMCL331	4	4	1	1	4	1	1	1	1	1	1	1	1	1	1	4	5	1	1	1	1
ORTHOMCL338	3	3	1	1	3	1	1	2	2	3	2	5	1	1	2	2	2	1	2	2	2
ORTHOMCL351	3	3	2	2	3	2	2	2	2	1	2	2	2	2	2	2	2	2	2	2	2
ORTHOMCL358	4	4	1	2	4	1	2	2	2	2	2	1	1	1	2	1	5	1	2	2	2
ORTHOMCL365	2	2	1	3	2	1	2	2	2	3	2	1	1	1	2	5	3	1	2	2	2
ORTHOMCL368	1	3	1	2	2	3	2	2	2	2	2	3	3	2	2	2	1	2	2	2	2
ORTHOMCL375	3	3	2	2	3	2	2	2	2	2	2	2	1	2	2	2	2	2	2	2	2
ORTHOMCL382	3	4	1	3	3	1	1	1	1	1	1	1	1	1	1	1	6	1	1	1	1
ORTHOMCL386	1	2	2	2	2	2	2	2	2	2	2	2	2	2	2	3	3	2	2	2	2
ORTHOMCL387	5	5	1	1	5	1	1	2	2	1	2	3	1	2	2	1	2	2	2	2	2
ORTHOMCL391	2	2	2	2	2	2	2	2	2	5	2	2	1	2	2	1	2	2	2	2	2
ORTHOMCL406	2	3	2	1	2	1	2	2	2	4	2	4	2	1	2	2	1	2	2	2	2
ORTHOMCL427	5	4	1	3	4	1	2	2	2	1	2	1	1	1	2	2	2	1	2	2	2
ORTHOMCL435	4	3	1	2	3	1	2	2	2	2	2	3	1	1	2	1	3	1	2	2	2
ORTHOMCL438	2	1	1	3	2	1	2	2	2	1	2	2	1	4	2	2	4	2	2	2	2
ORTHOMCL439	2	2	2	2	2	2	2	2	2	2	2	2	2	2	2	2	2	2	2	2	2
ORTHOMCL445	2	4	1	1	2	1	1	1	1	1	1	2	1	3	2	5	1	2	2	2	2
ORTHOMCL453	2	2	2	2	2	2	2	2	2	3	2	2	2	2	2	2	1	2	2	2	2
ORTHOMCL463	1	1	2	2	1	1	2	1	2	2	2	2	1	2	2	2	6	2	2	2	2
ORTHOMCL464	1	2	1	1	1	1	1	1	1	2	1	1	5	1	1	6	1	1	1	1	1
ORTHOMCL469	2	2	1	2	2	2	2	2	2	2	2	2	2	2	2	3	2	2	2	2	2
ORTHOMCL473	2	2	1	1	2	1	1	1	1	1	1	1	1	3	1	6	3	3	3	3	3
ORTHOMCL474	1	2	2	2	2	2	2	2	2	2	2	2	2	2	2	2	3	2	2	2	2
ORTHOMCL475	4	4	1	2	4	1	2	2	2	2	2	1	1	1	2	4	1	1	2	1	2
ORTHOMCL488	2	2	2	2	2	2	2	2	2	2	2	2	2	2	2	2	2	2	2	2	2
ORTHOMCL493	3	5	1	1	3	1	1	2	2	1	2	2	1	2	2	1	4	2	2	2	2
ORTHOMCL497	4	4	1	1	4	1	1	1	1	1	1	3	4	1	1	1	1	1	1	1	1
ORTHOMCL501	2	2	2	2	2	2	2	2	2	2	2	2	1	2	2	3	2	2	2	2	2
ORTHOMCL516	2	2	1	2	2	2	2	2	2	2	2	2	2	2	2	2	2	2	2	2	2
ORTHOMCL520	1	1	1	1	1	1	1	1	1	1	1	5	1	1	1	7	1	1	1	1	1
ORTHOMCL535	2	2	2	2	2	2	2	2	2	2	2	2	2	2	2	1	2	2	2	2	2
ORTHOMCL566	1	1	1	1	1	1	1	1	1	2	2	6	0	1	2	5	2	1	2	2	2
ORTHOMCL570	3	2	1	1	2	2	1	2	2	2	2	2	2	2	2	3	1	2	2	2	2
ORTHOMCL572	5	1	1	1	1	1	1	1	1	1	1	1	1	1	1	4	4	1	1	1	1
ORTHOMCL578	1	2	1	1	1	1	1	1	1	2	2	1	1	1	2	5	5	1	2	2	2
ORTHOMCL580	1	1	1	1	1	1	1	1	1	6	2	2	1	1	2	3	3	1	2	2	2
ORTHOMCL582	4	5	1	1	4	1	1	1	1	1	1	2	1	1	1	1	3	1	1	1	1
ORTHOMCL583	4	4	1	1	4	1	1	2	2	2	2	3	1	1	2	1	2	1	2	2	2
ORTHOMCL585	2	2	2	2	2	2	2	2	2	2	2	2	1	2	2	2	2	2	2	2	2
ORTHOMCL601	1	1	1	1	1	1	1	1	1	5	1	1	1	6	1	1	1	1	1	1	1
ORTHOMCL603	4	4	1	4	4	1	2	2	2	2	2	1	1	0	1	0	2	1	1	1	1
ORTHOMCL611	3	3	1	4	3	1	2	2	2	1	2	1	1	1	2	2	2	1	2	2	2
ORTHOMCL613	1	1	2	2	1	2	2	2	2	2	2	3	2	2	2	2	1	2	2	2	2
ORTHOMCL617	2	2	1	4	2	1	2	2	2	1	2	1	1	1	2	3	3	1	2	2	2
ORTHOMCL620	3	1	2	2	2	2	2	2	2	2	2	1	2	1	2	2	2	2	2	2	2
ORTHOMCL624	2	3	1	1	2	1	1	1	1	1	1	2	1	1	2	3	4	1	2	2	2
ORTHOMCL628	3	2	1	2	2	2	2	2	2	2	2	1	2	2	2	1	2	2	2	2	2
ORTHOMCL644	3	3	1	3	3	1	2	2	2	2	2	1	1	1	2	3	1	1	2	1	2
ORTHOMCL645	5	6	1	1	5	1	1	1	1	1	1	1	1	1	1	1	1	1	1	1	1
ORTHOMCL648	4	7	1	1	4	0	1	1	1	1	1	1	1	2	1	1	1	1	1	1	1
ORTHOMCL651	2	1	1	2	2	2	2	2	2	3	2	1	2	1	2	1	4	2	2	2	2
ORTHOMCL657	1	2	1	1	1	1	1	1	1	1	1	4	1	1	2	1	6	1	2	2	2
ORTHOMCL673	3	7	1	1	3	1	1	1	1	2	1	1	1	1	1	1	1	1	1	1	1
ORTHOMCL679	4	3	1	1	3	1	1	1	1	1	1	1	1	1	1	1	4	1	1	1	1
ORTHOMCL706	4	6	1	1	4	1	1	1	1	1	1	1	1	1	1	1	1	1	1	1	1
ORTHOMCL709	1	1	1	1	1	1	1	1	1	1	1	1	1	2	1	4	5	2	2	2	2
ORTHOMCL711	2	2	1	4	2	1	2	2	2	2	2	1	1	1	2	3	1	1	2	1	2
ORTHOMCL722	3	1	1	4	1	1	1	1	1	1	1	1	1	1	1	1	4	1	1	1	1
ORTHOMCL731	4	3	1	1	3	1	1	1	1	3	1	1	1	1	1	2	1	1	1	1	1
ORTHOMCL752	1	1	1	1	1	1	1	1	1	8	1	1	1	0	1	3	1	1	1	1	1
ORTHOMCL755	4	6	1	1	4	1	1	1	1	1	1	1	1	1	1	1	1	1	1	1	1
ORTHOMCL756	1	2	1	2	2	2	2	2	2	1	2	1	2	2	2	4	1	2	2	2	2
ORTHOMCL761	2	3	1	1	2	2	1	2	2	2	2	2	2	2	2	0	2	2	2	2	2
ORTHOMCL766	3	4	1	1	3	1	1	1	1	1	1	2	1	3	1	1	1	1	1	1	1
ORTHOMCL777	3	3	1	1	3	1	1	1	1	1	1	1	1	1	1	1	5	1	1	1	1
ORTHOMCL778	4	6	1	1	4	1	1	1	1	1	1	1	1	1	1	1	1	1	1	1	1
ORTHOMCL791	2	1	2	1	2	3	2	2	2	1	2	2	2	1	2	1	2	2	2	2	2
ORTHOMCL804	1	2	1	5	1	1	1	1	1	1	1	1	1	2	1	1	2	1	1	1	1
ORTHOMCL807	2	2	1	3	2	1	2	2	2	3	2	1	1	2	2	1	1	2	2	2	2
ORTHOMCL810	1	1	1	2	1	1	1	1	1	2	1	1	1	1	1	1	6	1	1	1	1
ORTHOMCL812	1	1	2	2	1	2	2	2	2	2	2	1	2	2	2	1	2	2	2	2	2
ORTHOMCL836	1	2	3	3	1	1	3	1	1	1	1	1	3	1	1	2	0	1	1	1	1
ORTHOMCL838	3	2	1	1	2	1	1	2	2	2	2	1	1	1	2	3	2	1	2	2	2
ORTHOMCL846	2	1	1	2	1	1	1	1	1	4	1	1	1	1	1	3	1	1	1	1	1
ORTHOMCL848	1	1	2	2	1	1	2	1	2	2	2	2	1	2	2	2	2	2	2	2	2
ORTHOMCL864	1	2	1	2	2	2	2	2	2	1	2	1	2	2	2	2	2	2	2	2	2
ORTHOMCL866	2	1	4	3	1	1	3	1	1	1	1	1	1	2	1	1	1	1	1	1	1
ORTHOMCL873	1	1	1	1	1	1	1	1	1	1	1	1	1	1	1	1	8	1	1	1	1
ORTHOMCL874	2	1	2	2	2	0	2	2	2	2	2	1	2	4	2	1	1	2	2	2	2
ORTHOMCL886	4	4	1	1	4	1	1	1	1	1	1	1	1	2	1	1	1	1	1	1	1
ORTHOMCL889	1	1	1	1	1	1	1	1	1	1	1	1	1	2	1	5	3	2	2	2	2
ORTHOMCL892	2	2	1	1	2	1	1	2	2	2	2	2	1	2	2	2	2	2	2	2	2
ORTHOMCL901	1	3	1	1	2	1	1	2	2	3	2	2	1	1	2	3	1	1	2	1	2
ORTHOMCL902	3	3	1	1	3	1	1	1	1	1	1	1	1	1	1	4	1	1	1	1	1
ORTHOMCL907	1	5	1	1	1	1	1	1	1	3	1	2	1	1	1	1	1	1	1	1	1
ORTHOMCL920	3	3	1	1	3	1	1	1	1	1	1	3	1	1	1	1	1	1	1	1	1
ORTHOMCL924	1	1	1	5	1	1	1	1	1	1	1	1	1	2	1	1	2	1	1	1	1
ORTHOMCL940	1	2	1	1	1	1	1	1	1	1	1	2	0	2	2	5	1	2	2	2	2
ORTHOMCL943	2	2	1	2	2	1	2	2	2	1	2	2	1	2	2	1	2	2	2	2	2
ORTHOMCL948	2	2	1	1	2	1	1	2	2	2	2	1	1	2	2	2	2	2	2	2	2
ORTHOMCL950	1	1	1	1	1	1	1	1	1	3	1	1	1	1	1	1	5	1	1	1	1
ORTHOMCL955	2	2	1	1	2	1	1	1	1	1	1	0	1	1	1	2	5	1	1	1	1
ORTHOMCL961	3	3	1	1	3	1	1	1	1	1	1	1	1	1	1	3	1	1	1	1	1
ORTHOMCL973	1	1	1	1	1	1	1	1	1	1	1	2	1	2	2	2	4	2	2	2	2
ORTHOMCL979	1	2	1	1	2	2	1	2	2	2	2	3	2	1	2	1	1	2	2	2	2
ORTHOMCL985	4	4	1	1	4	1	1	1	1	1	1	1	1	1	1	1	1	1	1	1	1
ORTHOMCL986	1	2	2	2	2	2	2	2	2	2	2	1	1	1	1	2	1	1	1	1	1
ORTHOMCL991	4	4	1	1	4	1	1	1	1	1	1	1	1	1	1	1	1	1	1	1	1
ORTHOMCL997	2	2	1	2	2	1	2	2	2	2	2	1	1	1	2	2	2	1	2	2	2
ORTHOMCL1003	1	1	1	2	1	1	2	1	2	2	2	1	1	2	2	2	3	2	2	2	2
ORTHOMCL1004	2	2	1	2	2	1	2	2	2	2	2	3	1	1	2	1	1	1	1	1	1
ORTHOMCL1005	1	1	1	2	1	3	2	2	2	1	2	2	2	1	2	2	1	2	2	2	2
ORTHOMCL1007	1	1	1	1	1	1	1	1	1	2	1	1	1	1	1	2	5	1	1	1	1
ORTHOMCL1012	4	4	1	1	4	1	1	1	1	1	1	1	1	1	1	1	1	1	1	1	1
ORTHOMCL1013	1	1	1	1	1	1	1	1	1	1	1	2	2	1	2	1	5	2	2	2	2
ORTHOMCL1016	2	2	1	2	2	1	2	2	2	1	2	1	2	2	2	1	2	2	2	2	2
ORTHOMCL1023	1	2	1	2	2	2	2	2	2	1	2	2	1	2	2	2	1	2	2	2	2
ORTHOMCL1027	2	2	2	2	2	1	2	2	2	1	2	1	1	1	2	2	2	1	2	2	2
ORTHOMCL1036	3	3	1	1	3	1	1	1	1	1	1	2	1	1	1	1	2	1	1	1	1
ORTHOMCL1044	4	2	1	1	2	0	1	1	1	5	1	1	1	1	1	1	0	1	1	1	1
ORTHOMCL1047	2	1	1	1	2	4	1	2	1	1	1	1	3	1	1	1	1	1	1	1	1
ORTHOMCL1053	2	2	1	2	2	1	2	2	2	2	2	3	1	1	2	1	1	1	1	1	1
ORTHOMCL1062	1	2	2	2	2	1	2	2	2	1	2	1	2	1	2	2	2	2	2	2	2
ORTHOMCL1063	1	2	1	2	2	1	2	2	2	2	2	2	1	1	2	2	2	1	2	2	2
ORTHOMCL1067	2	3	1	1	2	1	1	1	1	1	1	2	1	1	1	1	3	1	1	1	1
ORTHOMCL1078	3	5	1	1	3	1	1	1	1	1	1	1	1	1	1	1	1	1	1	1	1
ORTHOMCL1166	1	2	1	2	2	2	2	2	2	1	2	1	1	2	2	1	2	2	2	2	2
ORTHOMCL1182	3	4	1	1	3	1	1	1	1	1	1	1	1	1	1	1	1	1	1	1	1
ORTHOMCL1188	1	1	1	3	1	1	1	1	1	1	1	1	1	1	1	2	3	1	1	1	1
ORTHOMCL1197	3	3	1	1	3	1	1	1	1	1	1	1	1	1	1	1	2	1	1	1	1
ORTHOMCL1209	2	1	1	2	1	2	1	1	1	1	1	1	2	1	1	2	1	1	1	1	1
ORTHOMCL1218	1	5	1	1	1	1	1	1	1	1	1	1	1	1	1	2	1	1	1	1	1
ORTHOMCL1227	3	2	1	1	2	1	1	1	1	2	1	1	1	1	1	2	1	1	1	1	1
ORTHOMCL1228	1	1	1	1	1	1	1	1	1	1	1	1	1	1	1	5	2	1	1	1	1
ORTHOMCL1261	2	2	1	2	2	1	1	1	1	1	1	2	1	1	1	2	1	1	1	1	1
ORTHOMCL1270	1	1	1	2	1	1	1	1	1	1	1	1	1	0	1	6	1	1	1	1	1
ORTHOMCL1282	2	2	1	1	2	1	1	1	1	1	1	1	1	1	1	1	4	1	1	1	1
ORTHOMCL1284	1	1	1	1	1	1	1	1	1	2	2	2	1	1	2	3	2	1	2	2	2
ORTHOMCL1286	1	5	1	1	1	1	1	1	1	1	1	2	1	1	1	1	1	1	1	1	1
ORTHOMCL1292	1	1	1	3	1	2	1	1	1	2	1	1	1	1	1	1	2	1	1	1	1
ORTHOMCL1310	2	1	1	1	1	1	1	1	1	2	2	2	1	1	2	1	3	1	2	2	2
ORTHOMCL1311	1	2	2	1	1	1	1	1	1	2	1	1	2	1	1	2	1	1	1	1	1
ORTHOMCL1319	1	1	1	1	1	1	1	1	1	1	1	1	1	1	1	2	5	1	1	1	1
ORTHOMCL1323	1	5	1	1	1	1	1	1	1	2	1	1	0	1	1	1	2	1	1	1	1
ORTHOMCL1332	2	1	1	1	1	1	1	1	1	1	1	1	2	1	1	3	2	2	2	2	2
ORTHOMCL1337	3	4	1	1	3	1	1	1	1	2	1	0	1	1	1	1	1	1	1	1	1
ORTHOMCL1345	1	1	1	1	1	1	1	1	1	1	1	1	2	1	1	1	5	1	1	1	1
ORTHOMCL1346	4	3	1	0	3	1	1	1	1	1	1	1	1	0	1	2	2	1	1	1	1
ORTHOMCL1356	1	1	1	4	1	1	1	1	1	1	1	1	1	1	1	1	2	1	1	1	1
ORTHOMCL1357	1	1	1	1	1	1	1	1	1	2	1	1	1	1	1	3	2	1	1	1	1
ORTHOMCL1358	3	3	1	1	3	1	1	1	1	1	1	1	1	1	1	1	1	1	1	1	1
ORTHOMCL1364	1	1	1	1	1	2	1	1	1	2	1	1	2	1	1	2	1	1	1	1	1
ORTHOMCL1365	1	1	1	2	1	1	1	1	1	3	1	1	1	1	1	2	1	1	1	1	1
ORTHOMCL1368	1	1	1	1	1	1	1	1	1	1	1	1	1	1	1	1	5	1	1	1	1
ORTHOMCL1370	2	2	1	1	2	1	1	1	1	2	1	1	1	1	1	2	1	1	1	1	1
ORTHOMCL1371	2	1	1	2	1	1	1	1	1	2	1	1	1	1	1	1	2	1	1	1	1
ORTHOMCL1390	1	1	1	1	1	2	1	1	1	4	1	1	1	1	1	1	1	1	1	1	1
ORTHOMCL1396	1	2	1	2	1	1	1	1	1	2	1	1	1	1	1	1	2	1	1	1	1
ORTHOMCL1404	1	1	1	3	1	2	1	1	1	1	1	1	1	1	1	1	2	1	1	1	1
ORTHOMCL1410	1	2	1	2	1	1	1	1	1	1	1	1	1	1	1	2	2	1	1	1	1
ORTHOMCL1433	1	2	1	1	1	1	1	1	1	1	1	1	1	1	1	3	2	1	1	1	1
ORTHOMCL1434	3	3	1	1	3	1	1	1	1	1	1	1	1	1	1	1	1	1	1	1	1
ORTHOMCL1435	2	2	1	3	2	1	1	1	1	1	1	1	1	1	1	1	1	1	1	1	1
ORTHOMCL1442	1	1	1	3	1	1	1	1	1	2	1	1	1	1	1	2	1	1	1	1	1
ORTHOMCL1454	1	1	1	1	1	1	1	1	1	1	1	1	4	2	1	1	1	2	1	1	1
ORTHOMCL1463	1	1	1	1	1	1	1	1	1	1	1	1	1	1	1	3	3	1	1	1	1
ORTHOMCL1465	2	1	1	1	1	1	1	1	1	1	1	1	1	1	1	1	4	1	1	1	1
ORTHOMCL1469	2	1	1	1	1	1	1	1	1	3	1	1	1	1	1	2	1	1	1	1	1
ORTHOMCL1471	1	4	1	1	1	1	1	1	1	1	1	2	1	1	1	1	1	1	1	1	1
ORTHOMCL1475	1	1	1	2	1	1	1	1	1	1	1	1	1	4	1	0	2	2	1	2	2
ORTHOMCL1482	2	2	1	1	2	1	1	1	1	1	1	1	1	1	1	1	3	1	1	1	1
ORTHOMCL1483	3	1	1	1	1	1	1	1	1	3	1	1	1	1	1	1	1	1	1	1	1
ORTHOMCL1498	2	2	1	2	2	1	1	1	1	1	1	1	1	1	1	2	1	1	1	1	1
ORTHOMCL1508	2	2	1	1	2	1	1	1	1	1	1	1	1	1	1	2	2	1	1	1	1
ORTHOMCL1518	3	3	1	1	3	1	1	1	1	1	1	1	1	1	1	1	1	1	1	1	1
ORTHOMCL1525	3	4	1	1	3	1	1	1	1	1	1	1	0	1	1	1	1	1	1	1	1
ORTHOMCL1530	2	2	1	2	2	1	1	1	1	1	1	1	1	1	1	1	2	1	1	1	1
ORTHOMCL1534	1	1	1	1	1	1	1	1	1	1	1	1	1	1	1	1	5	1	1	1	1
ORTHOMCL1547	3	2	1	1	2	1	1	1	1	2	1	1	1	1	1	1	1	1	1	1	1
ORTHOMCL1561	2	2	1	3	2	1	1	1	1	1	1	1	1	1	1	1	1	1	1	1	1
ORTHOMCL1566	1	2	1	1	1	1	1	1	1	1	1	1	1	1	1	3	2	1	1	1	1
ORTHOMCL1568	1	1	1	1	1	1	1	1	1	2	2	1	1	2	2	2	2	2	2	2	2
ORTHOMCL1573	1	1	1	1	1	3	1	1	1	1	1	1	2	2	1	1	1	2	1	1	1
ORTHOMCL1578	1	1	1	1	1	1	1	1	1	2	1	1	1	1	1	2	3	1	1	1	1
ORTHOMCL1580	1	1	1	1	1	1	1	1	1	1	1	1	1	1	1	2	4	1	1	1	1
ORTHOMCL1597	2	2	1	1	2	1	1	1	1	2	1	1	1	1	1	1	2	1	1	1	1
ORTHOMCL1599	1	2	1	1	1	1	1	1	1	3	1	1	1	1	1	1	2	1	1	1	1
ORTHOMCL1605	2	1	1	1	1	1	1	1	1	2	1	1	1	1	1	3	1	1	1	1	1
ORTHOMCL1614	2	2	1	1	2	1	1	1	1	1	1	2	1	1	1	1	2	1	1	1	1
ORTHOMCL1627	1	1	1	1	1	1	1	1	1	1	1	1	1	2	1	3	2	2	2	2	2
ORTHOMCL1651	1	1	1	1	1	1	1	1	1	1	1	3	1	1	1	1	3	1	1	1	1
ORTHOMCL1666	2	3	1	1	2	1	1	1	1	1	1	1	1	1	1	1	2	1	1	1	1
ORTHOMCL1667	2	2	1	1	2	1	1	1	1	1	1	2	1	1	1	1	2	1	1	1	1
ORTHOMCL1675	4	2	1	1	2	1	1	1	1	1	1	1	1	1	1	1	1	1	1	1	1
ORTHOMCL1681	3	2	1	1	2	1	1	1	1	1	1	2	1	1	1	1	1	1	1	1	1
ORTHOMCL1685	2	3	1	1	2	1	1	1	1	1	1	1	1	1	1	1	2	1	1	1	1
ORTHOMCL1705	1	1	1	1	1	1	1	1	1	1	1	1	1	1	1	5	1	1	1	1	1
ORTHOMCL1712	1	5	1	1	1	1	1	1	1	1	1	1	1	1	1	1	1	1	1	1	1
ORTHOMCL1715	1	1	1	1	1	1	1	1	1	1	1	2	1	3	2	1	2	2	2	2	2
ORTHOMCL1729	2	3	1	1	2	1	1	1	1	1	1	1	1	1	1	1	1	1	1	1	1
ORTHOMCL1731	1	1	1	1	1	1	1	1	1	4	1	1	1	1	1	1	1	1	1	1	1
ORTHOMCL1740	1	1	1	1	1	1	1	1	1	1	1	1	1	1	1	4	1	1	1	1	1
ORTHOMCL1744	1	2	1	1	1	2	1	1	1	1	1	1	2	1	1	1	1	1	1	1	1
ORTHOMCL1758	1	2	1	2	1	1	1	1	1	1	1	1	1	1	1	2	1	1	1	1	1
ORTHOMCL1779	2	1	1	3	1	1	1	1	1	1	1	1	1	1	1	1	1	1	1	1	1
ORTHOMCL1786	1	1	1	3	1	1	1	1	1	1	1	1	1	1	1	1	2	1	1	1	1
ORTHOMCL1789	1	1	1	1	1	1	1	1	1	2	1	1	1	3	1	1	1	1	1	1	1
ORTHOMCL1790	2	2	1	1	2	1	1	1	1	1	1	1	1	1	1	1	2	1	1	1	1
ORTHOMCL1791	1	1	1	1	1	1	1	1	1	2	1	1	1	1	1	2	2	1	1	1	1
ORTHOMCL1805	1	1	1	1	1	1	1	1	1	2	1	1	1	1	1	3	1	1	1	1	1
ORTHOMCL1807	1	1	1	2	1	1	1	1	1	1	1	1	1	1	1	2	2	1	1	1	1
ORTHOMCL1810	1	1	1	1	1	1	1	1	1	2	1	4	1	0	1	2	0	1	1	1	1
ORTHOMCL1812	1	1	1	2	1	1	1	1	1	1	1	1	1	1	1	3	1	1	1	1	1
ORTHOMCL1822	1	1	1	1	1	2	1	1	1	1	1	1	1	1	1	3	1	1	1	1	1
ORTHOMCL1842	1	1	1	1	1	2	1	1	1	2	1	1	2	1	1	1	1	1	1	1	1
ORTHOMCL1850	2	1	1	1	1	1	1	1	1	1	1	1	1	2	1	1	2	1	1	1	1
ORTHOMCL1857	1	1	1	2	1	1	1	1	1	1	1	1	1	1	1	3	1	1	1	1	1
ORTHOMCL1862	1	1	1	1	1	1	1	1	1	1	1	1	1	1	1	4	1	1	1	1	1
ORTHOMCL1868	1	2	1	3	1	1	1	1	1	1	1	1	1	1	1	1	1	1	1	1	1
ORTHOMCL1871	1	1	1	3	1	1	1	1	1	2	1	1	1	1	1	1	1	1	1	1	1
ORTHOMCL1882	1	1	1	1	1	1	1	1	1	1	1	1	1	1	1	1	4	1	1	1	1
ORTHOMCL1893	1	1	1	1	1	1	1	1	1	1	1	1	1	1	1	2	3	1	1	1	1
ORTHOMCL1898	1	1	1	1	1	1	1	1	1	2	1	1	1	0	1	3	2	1	1	1	1
ORTHOMCL1918	2	2	1	1	2	1	1	1	1	1	1	2	1	1	1	1	1	1	1	1	1
ORTHOMCL1920	1	1	1	2	1	1	1	1	1	1	1	1	1	1	1	3	1	1	1	1	1
ORTHOMCL1925	1	1	1	2	1	1	1	1	1	1	1	1	1	1	1	1	3	1	1	1	1
ORTHOMCL1938	2	3	1	1	2	1	1	1	1	1	1	1	1	1	1	0	2	1	1	1	1
ORTHOMCL1952	2	1	1	1	1	1	1	1	1	2	1	1	1	1	1	2	1	1	1	1	1
ORTHOMCL1955	1	4	1	1	1	1	1	1	1	1	1	1	1	1	1	1	1	1	1	1	1
ORTHOMCL1964	1	2	1	1	1	1	1	1	1	1	1	1	1	3	1	1	1	1	1	1	1
ORTHOMCL1972	1	1	1	1	1	1	1	1	1	2	1	1	1	3	1	1	1	1	1	1	1
ORTHOMCL1975	1	2	1	1	1	1	1	1	1	1	1	1	1	1	1	3	1	1	1	1	1
ORTHOMCL1977	1	1	1	1	1	1	1	1	1	2	1	1	1	1	1	3	1	1	1	1	1
ORTHOMCL1980	1	1	1	1	1	2	1	1	1	1	1	0	1	1	1	4	1	1	1	1	1
ORTHOMCL1990	1	1	1	1	1	2	1	1	1	1	1	1	1	2	1	2	1	1	1	1	1
ORTHOMCL1992	2	2	1	2	2	1	1	1	1	1	1	1	1	1	1	1	1	1	1	1	1
ORTHOMCL1995	2	2	1	1	2	1	1	1	1	1	1	1	1	1	1	1	2	1	1	1	1
ORTHOMCL2003	2	2	1	1	2	1	1	1	1	1	1	1	1	1	1	2	1	1	1	1	1
ORTHOMCL2006	1	1	1	2	1	1	1	1	1	1	1	1	1	1	1	1	3	1	1	1	1
ORTHOMCL2015	1	1	1	1	1	1	1	1	1	1	1	1	1	1	1	4	1	1	1	1	1
ORTHOMCL2018	2	1	1	2	1	1	1	1	1	1	1	1	1	1	1	1	2	1	1	1	1
ORTHOMCL2026	2	1	1	2	1	1	1	1	1	2	1	1	1	1	1	1	1	1	1	1	1
ORTHOMCL2038	1	1	1	1	1	1	1	1	1	1	1	2	3	1	1	1	1	1	1	1	1
ORTHOMCL2047	2	2	1	1	2	1	1	1	1	2	1	1	1	1	1	1	1	1	1	1	1
ORTHOMCL2048	1	1	1	1	1	0	1	1	1	1	1	5	1	1	1	1	1	1	1	1	1
ORTHOMCL2051	2	2	1	1	2	1	1	1	1	1	1	1	1	1	1	1	2	1	1	1	1
ORTHOMCL2054	1	1	1	1	1	1	1	1	1	1	1	1	1	1	1	1	4	1	1	1	1
ORTHOMCL2062	1	2	1	1	1	1	1	1	1	1	1	1	1	1	1	1	3	1	1	1	1
ORTHOMCL2069	1	2	1	1	1	1	1	1	1	1	1	1	1	1	1	3	1	1	1	1	1
ORTHOMCL2073	1	2	1	2	1	1	1	1	1	1	1	1	1	1	1	1	2	1	1	1	1
ORTHOMCL2080	1	2	1	1	1	1	1	1	1	2	1	1	1	1	1	1	2	1	1	1	1
ORTHOMCL2089	3	1	1	1	1	1	1	1	1	1	1	1	1	1	1	2	1	1	1	1	1
ORTHOMCL2092	2	2	1	2	2	1	1	1	1	1	1	1	1	1	1	1	1	1	1	1	1
ORTHOMCL2098	3	1	1	1	1	1	1	1	1	1	1	1	1	1	1	1	2	1	1	1	1
ORTHOMCL2110	3	1	1	1	1	1	1	1	1	2	1	1	1	1	1	1	1	1	1	1	1
ORTHOMCL2118	3	1	1	1	1	1	1	1	1	1	1	1	1	1	1	1	2	1	1	1	1
ORTHOMCL2120	3	3	1	1	3	1	1	1	1	1	1	1	1	1	1	1	0	1	1	1	1
ORTHOMCL2142	1	1	1	1	1	2	1	1	1	1	1	1	2	1	1	2	1	1	1	1	1
ORTHOMCL2144	1	1	1	1	1	1	1	1	1	1	1	1	1	1	1	3	2	1	1	1	1
ORTHOMCL2146	2	2	1	1	2	1	1	1	1	1	1	1	1	1	1	1	2	1	1	1	1
ORTHOMCL2152	1	1	1	1	1	1	1	1	1	1	1	1	1	1	1	1	4	1	1	1	1
ORTHOMCL2158	1	1	1	1	1	1	1	1	1	1	1	2	1	2	2	1	2	2	2	2	2
ORTHOMCL2185	1	1	1	1	1	1	1	1	1	1	1	2	1	2	2	2	1	2	2	2	2
ORTHOMCL2187	1	1	1	1	1	1	1	1	1	1	1	1	1	1	1	4	1	1	1	1	1
ORTHOMCL2208	3	2	1	1	2	0	1	1	1	1	1	1	1	1	1	1	1	1	1	1	1
ORTHOMCL2218	2	1	1	2	1	1	1	1	1	1	1	1	1	1	1	1	1	1	1	1	1
ORTHOMCL2221	2	2	1	1	2	1	1	1	1	1	1	1	1	1	1	1	1	1	1	1	1
ORTHOMCL2224	2	1	1	1	1	1	1	1	1	2	1	1	1	1	1	1	1	1	1	1	1
ORTHOMCL2233	2	1	1	1	1	1	1	1	1	1	1	1	1	1	1	2	1	1	1	1	1
ORTHOMCL2235	2	1	1	1	1	1	1	1	1	2	1	1	1	1	1	1	1	1	1	1	1
ORTHOMCL2239	1	1	1	1	1	1	1	1	1	1	1	1	1	1	1	3	1	1	1	1	1
ORTHOMCL2261	1	1	1	1	1	1	1	1	1	3	1	1	1	1	1	1	1	1	1	1	1
ORTHOMCL2263	1	1	1	1	1	1	1	1	1	1	1	1	2	1	1	1	2	1	1	1	1
ORTHOMCL2279	1	1	1	1	1	1	1	1	1	1	1	1	1	1	1	3	1	1	1	1	1
ORTHOMCL2284	2	2	1	1	2	1	1	1	1	1	1	1	1	1	1	1	1	1	1	1	1
ORTHOMCL2285	1	1	1	1	1	1	1	1	1	1	1	1	1	1	1	1	3	1	1	1	1
ORTHOMCL2292	1	1	1	1	1	1	1	1	1	3	1	1	1	1	1	1	1	1	1	1	1
ORTHOMCL2300	1	2	1	1	1	1	1	1	1	1	1	1	1	1	1	2	1	1	1	1	1
ORTHOMCL2307	1	1	1	1	1	1	1	1	1	2	1	1	1	1	1	2	1	1	1	1	1
ORTHOMCL2310	1	1	1	3	1	1	1	1	1	1	1	1	1	1	1	1	1	1	1	1	1
ORTHOMCL2311	1	1	1	1	1	1	1	1	1	3	1	1	1	1	1	1	1	1	1	1	1
ORTHOMCL2318	1	2	1	1	1	1	1	1	1	1	1	1	1	1	1	1	2	1	1	1	1
ORTHOMCL2321	1	1	1	1	1	1	1	1	1	2	1	1	1	1	1	1	2	1	1	1	1
ORTHOMCL2335	1	1	1	1	1	1	1	1	1	1	1	2	1	1	1	1	2	1	1	1	1
ORTHOMCL2342	2	1	1	1	1	1	1	1	1	1	1	1	1	2	1	1	1	1	1	1	1
ORTHOMCL2364	1	1	1	1	1	1	1	1	1	1	1	1	1	1	1	1	3	1	1	1	1
ORTHOMCL2368	1	3	1	1	1	1	1	1	1	1	1	1	1	1	1	1	1	1	1	1	1
ORTHOMCL2369	1	2	1	2	1	1	1	1	1	1	1	1	1	1	1	1	1	1	1	1	1
ORTHOMCL2374	1	1	1	2	1	1	1	1	1	1	1	1	1	1	1	2	1	1	1	1	1
ORTHOMCL2395	1	1	1	1	1	1	1	1	1	1	1	1	1	1	1	1	3	1	1	1	1
ORTHOMCL2397	2	1	2	1	1	1	1	1	1	1	1	1	1	1	1	1	1	1	1	1	1
ORTHOMCL2398	1	2	1	1	1	1	1	1	1	1	1	1	1	1	1	2	1	1	1	1	1
ORTHOMCL2410	1	1	1	2	1	1	1	1	1	1	1	1	1	1	1	1	2	1	1	1	1
ORTHOMCL2418	1	1	1	1	1	2	1	1	1	1	1	1	1	1	1	1	2	1	1	1	1
ORTHOMCL2421	1	1	1	1	1	1	1	1	1	1	1	1	1	1	1	2	2	1	1	1	1
ORTHOMCL2429	1	1	1	2	1	1	1	1	1	2	1	1	1	1	1	1	1	1	1	1	1
ORTHOMCL2433	2	2	1	1	2	1	1	1	1	1	1	1	1	1	1	1	1	1	1	1	1
ORTHOMCL2436	1	1	1	1	1	1	1	1	1	1	1	1	1	1	1	3	1	1	1	1	1
ORTHOMCL2442	1	1	1	2	1	1	1	1	1	1	1	2	1	1	1	1	1	1	1	1	1
ORTHOMCL2450	1	2	1	1	1	1	1	1	1	1	1	1	1	1	1	1	2	1	1	1	1
ORTHOMCL2458	2	2	1	1	2	1	1	1	1	1	1	1	1	1	1	1	1	1	1	1	1
ORTHOMCL2488	1	1	1	2	1	1	1	1	1	1	1	1	1	1	1	1	2	1	1	1	1
ORTHOMCL2494	1	1	1	1	1	1	1	1	1	1	1	1	1	1	1	2	2	1	1	1	1
ORTHOMCL2505	2	1	1	1	1	1	1	1	1	1	1	1	1	1	1	1	2	1	1	1	1
ORTHOMCL2525	1	1	1	1	1	1	1	1	1	1	1	1	1	1	1	1	3	1	1	1	1
ORTHOMCL2527	1	1	1	1	1	1	1	1	1	3	1	1	1	1	1	1	1	1	1	1	1
ORTHOMCL2540	2	2	1	1	2	1	1	1	1	1	1	1	1	1	1	0	2	1	1	1	1
ORTHOMCL2547	2	1	1	1	1	1	1	1	1	1	1	1	1	1	1	2	1	1	1	1	1
ORTHOMCL2554	1	2	1	1	1	1	1	1	1	1	1	1	1	1	1	1	2	1	1	1	1
ORTHOMCL2561	1	1	1	1	1	1	1	1	1	2	1	2	1	1	1	1	1	1	1	1	1
ORTHOMCL2569	2	1	1	1	1	1	1	1	1	1	1	1	1	1	1	1	2	1	1	1	1
ORTHOMCL2586	2	1	1	1	1	1	1	1	1	2	1	1	1	1	1	1	1	1	1	1	1
ORTHOMCL2598	1	2	1	1	1	1	1	1	1	1	1	2	1	1	1	1	1	1	1	1	1
ORTHOMCL2620	1	1	1	1	1	1	1	1	1	1	1	1	1	3	1	1	1	1	1	1	1
ORTHOMCL2623	1	1	1	1	1	1	1	1	1	1	1	1	1	1	1	1	3	1	1	1	1
ORTHOMCL2642	1	2	1	1	1	1	1	1	1	1	1	2	1	1	1	1	1	1	1	1	1
ORTHOMCL2646	1	1	1	1	1	2	1	1	1	1	1	1	1	1	1	1	2	1	1	1	1
ORTHOMCL2650	1	1	1	1	1	1	1	1	1	1	1	1	1	3	1	1	1	1	1	1	1
ORTHOMCL2654	1	1	1	1	1	1	1	1	1	1	1	1	2	1	1	1	2	1	1	1	1
ORTHOMCL2669	1	2	1	1	1	1	1	1	1	1	1	1	1	1	1	2	1	1	1	1	1
ORTHOMCL2670	1	1	1	1	1	1	1	1	1	2	1	1	1	1	1	2	1	1	1	1	1
ORTHOMCL2677	1	1	1	1	1	1	1	1	1	2	1	1	1	1	1	2	1	1	1	1	1
ORTHOMCL2680	1	1	1	2	1	2	1	1	1	1	1	1	1	1	1	1	1	1	1	1	1
ORTHOMCL2683	2	2	1	1	2	1	1	1	1	1	1	1	1	1	1	1	1	1	1	1	1
ORTHOMCL2692	1	1	1	2	1	1	1	1	1	1	1	1	2	1	1	1	1	1	1	1	1
ORTHOMCL2700	1	3	1	1	1	1	1	1	1	1	1	1	1	1	1	1	1	1	1	1	1
ORTHOMCL2701	1	1	1	1	1	1	1	1	1	2	1	1	1	2	1	1	1	1	1	1	1
ORTHOMCL2707	1	0	1	1	1	1	1	1	1	1	1	1	1	2	1	1	3	2	1	2	2
ORTHOMCL2708	1	1	1	2	1	1	1	1	1	2	1	1	1	1	1	1	1	1	1	1	1
ORTHOMCL2709	1	1	1	2	1	1	1	1	1	1	1	1	1	1	1	1	2	1	1	1	1
ORTHOMCL2716	1	1	1	1	1	1	1	1	1	1	1	1	2	1	1	2	1	1	1	1	1
ORTHOMCL2718	1	1	1	1	1	1	1	1	1	2	1	1	1	1	1	2	1	1	1	1	1
ORTHOMCL2727	1	1	1	1	1	1	1	1	1	1	1	1	1	1	1	2	2	1	1	1	1
ORTHOMCL2729	1	1	1	1	1	1	1	1	1	1	1	1	1	1	1	3	1	1	1	1	1
ORTHOMCL2735	1	1	1	2	1	1	1	1	1	1	1	1	1	1	1	1	2	1	1	1	1
ORTHOMCL2737	1	1	1	1	1	1	1	1	1	1	1	1	1	1	1	3	1	1	1	1	1
ORTHOMCL2747	1	1	1	1	1	1	1	1	1	3	1	1	1	1	1	1	1	1	1	1	1
ORTHOMCL2748	1	1	1	1	1	1	1	1	1	1	1	1	0	3	1	2	1	1	1	1	1
ORTHOMCL2750	2	2	1	1	2	1	1	1	1	1	1	1	1	1	1	1	1	1	1	1	1
ORTHOMCL2751	2	1	1	1	1	1	1	1	1	1	1	1	1	1	1	1	2	1	1	1	1
ORTHOMCL2753	1	1	1	1	1	1	1	1	1	1	1	1	1	1	1	1	3	1	1	1	1
ORTHOMCL2759	1	1	1	1	1	1	1	1	1	1	1	1	1	1	1	1	3	1	1	1	1
ORTHOMCL2766	2	2	1	1	2	1	1	1	1	1	1	1	1	1	1	1	1	1	1	1	1
ORTHOMCL2773	1	1	1	1	1	1	1	1	1	1	1	1	1	1	1	3	1	1	1	1	1
ORTHOMCL2780	1	2	1	1	1	1	1	1	1	1	1	1	1	1	1	2	1	1	1	1	1
ORTHOMCL2788	3	1	1	1	1	1	1	1	1	1	1	1	1	1	1	1	1	1	1	1	1
ORTHOMCL2789	1	1	1	1	1	2	1	1	1	1	1	1	1	1	1	1	2	1	1	1	1
ORTHOMCL2798	2	2	1	1	2	1	1	1	1	1	1	1	1	1	1	1	1	1	1	1	1
ORTHOMCL2806	1	1	1	1	1	1	1	1	1	1	1	1	1	1	1	2	2	1	1	1	1
ORTHOMCL2816	1	1	1	1	1	1	1	1	1	2	1	1	1	1	1	2	1	1	1	1	1
ORTHOMCL2825	2	2	1	1	2	1	1	1	1	1	1	1	1	1	1	1	1	1	1	1	1
ORTHOMCL2827	1	1	1	1	1	1	1	1	1	2	1	1	1	2	1	1	1	1	1	1	1
ORTHOMCL2843	1	2	1	1	1	1	1	1	1	1	1	1	1	1	1	2	1	1	1	1	1
ORTHOMCL2845	1	2	1	1	1	1	1	1	1	1	1	1	1	1	1	2	1	1	1	1	1
ORTHOMCL2850	2	2	1	1	2	1	1	1	1	1	1	1	1	1	1	1	1	1	1	1	1
ORTHOMCL2852	1	1	1	1	1	1	1	1	1	1	1	1	1	1	1	2	2	1	1	1	1
ORTHOMCL2855	2	2	1	1	2	1	1	1	1	1	1	1	1	1	1	1	1	1	1	1	1
ORTHOMCL2858	1	1	1	1	1	1	1	1	1	3	1	1	1	1	1	1	1	1	1	1	1
ORTHOMCL2866	1	1	1	1	1	1	1	1	1	1	1	2	1	1	1	1	2	1	1	1	1
ORTHOMCL2871	2	2	1	1	2	1	1	1	1	1	1	1	1	1	1	1	1	1	1	1	1
ORTHOMCL2885	1	1	1	1	1	1	1	1	1	1	1	1	1	3	1	1	1	1	1	1	1
ORTHOMCL2889	2	1	1	1	1	1	1	1	1	1	1	1	1	1	1	1	2	1	1	1	1
ORTHOMCL2890	1	1	1	1	1	1	1	1	1	2	1	1	1	2	1	1	1	1	1	1	1
ORTHOMCL2896	1	1	1	1	1	1	1	1	1	1	1	1	1	2	1	2	1	1	1	1	1
ORTHOMCL2902	1	1	1	1	1	1	1	1	1	2	1	1	1	1	1	2	1	1	1	1	1
ORTHOMCL2917	1	1	1	1	1	1	1	1	1	1	1	1	1	2	1	1	2	1	1	1	1
ORTHOMCL2918	1	1	1	1	1	1	1	1	1	1	1	1	1	1	1	3	1	1	1	1	1
ORTHOMCL2947	1	1	1	1	1	1	1	1	1	1	1	1	1	1	1	3	1	1	1	1	1
ORTHOMCL2957	1	2	1	1	1	1	1	1	1	1	1	1	1	1	1	2	1	1	1	1	1
ORTHOMCL2958	1	2	1	1	1	1	1	1	1	1	1	1	1	2	1	1	1	1	1	1	1
ORTHOMCL2971	1	1	1	0	1	1	1	1	1	2	1	1	1	3	1	1	1	1	1	1	1
ORTHOMCL2975	1	1	1	0	1	0	1	1	1	1	1	1	1	1	1	1	5	1	1	1	1
ORTHOMCL2990	1	1	1	2	1	1	1	1	1	1	1	1	1	1	1	1	1	1	1	1	1
ORTHOMCL2991	1	1	1	2	1	1	1	1	1	1	1	1	1	1	1	1	1	1	1	1	1
ORTHOMCL3002	1	1	1	2	1	1	1	1	1	1	1	1	1	1	1	1	1	1	1	1	1
ORTHOMCL3008	1	1	1	1	1	1	1	1	1	1	1	2	1	1	1	1	1	1	1	1	1
ORTHOMCL3015	1	1	1	1	1	1	1	1	1	1	1	1	1	1	1	1	2	1	1	1	1
ORTHOMCL3028	1	1	1	1	1	1	1	1	1	2	1	1	1	1	1	1	1	1	1	1	1
ORTHOMCL3033	1	2	1	2	1	1	1	1	1	1	1	1	0	1	1	1	1	1	1	1	1
ORTHOMCL3034	1	1	1	1	1	1	1	1	1	1	1	1	1	2	1	1	1	1	1	1	1
ORTHOMCL3036	2	1	1	1	1	1	1	1	1	1	1	1	1	1	1	1	1	1	1	1	1
ORTHOMCL3048	1	1	1	1	1	1	1	1	1	1	1	1	1	2	1	1	1	1	1	1	1
ORTHOMCL3051	1	1	1	1	1	1	1	1	1	1	1	1	1	1	1	1	2	1	1	1	1
ORTHOMCL3087	1	1	1	1	1	1	1	1	1	1	1	1	1	2	1	1	1	1	1	1	1
ORTHOMCL3113	1	3	1	1	1	1	1	1	1	1	1	1	1	1	1	1	0	1	1	1	1
ORTHOMCL3119	1	1	1	1	1	1	1	1	1	1	1	1	1	1	1	1	2	1	1	1	1
ORTHOMCL3120	1	1	1	1	1	1	1	1	1	1	1	1	1	1	1	2	1	1	1	1	1
ORTHOMCL3138	1	1	1	1	1	1	1	1	1	2	1	1	1	1	1	1	1	1	1	1	1
ORTHOMCL3141	1	1	1	1	1	1	1	1	1	2	1	1	1	1	1	1	1	1	1	1	1
ORTHOMCL3158	1	1	1	1	1	1	1	1	1	1	1	1	1	2	1	1	1	1	1	1	1
ORTHOMCL3165	1	1	1	2	1	1	1	1	1	1	1	1	1	1	1	1	1	1	1	1	1
ORTHOMCL3170	1	1	1	2	1	1	1	1	1	1	1	1	1	1	1	1	1	1	1	1	1
ORTHOMCL3175	1	1	1	1	1	1	1	1	1	1	1	1	1	1	1	2	1	1	1	1	1
ORTHOMCL3204	1	1	1	1	1	1	1	1	1	1	1	1	1	1	1	1	2	1	1	1	1
ORTHOMCL3205	1	1	1	1	1	1	1	1	1	2	1	1	1	1	1	1	1	1	1	1	1
ORTHOMCL3206	1	1	1	1	1	1	1	1	1	1	1	2	1	1	1	1	1	1	1	1	1
ORTHOMCL3210	1	1	1	1	1	1	1	1	1	2	1	1	1	1	1	1	1	1	1	1	1
ORTHOMCL3213	1	1	1	1	1	1	1	1	1	1	1	2	1	1	1	1	1	1	1	1	1
ORTHOMCL3224	1	1	1	1	1	1	1	1	1	1	1	1	1	1	1	2	1	1	1	1	1
ORTHOMCL3234	1	1	1	2	1	1	1	1	1	1	1	1	1	1	1	1	1	1	1	1	1
ORTHOMCL3246	1	1	1	1	1	1	1	1	1	1	1	1	1	1	1	1	2	1	1	1	1
ORTHOMCL3254	2	1	1	1	1	1	1	1	1	1	1	1	1	1	1	1	1	1	1	1	1
ORTHOMCL3255	1	2	1	1	1	1	1	1	1	1	1	1	1	1	1	1	1	1	1	1	1
ORTHOMCL3271	1	1	1	1	1	1	1	1	1	1	1	1	1	1	1	1	2	1	1	1	1
ORTHOMCL3272	1	1	1	1	1	1	1	1	1	1	1	1	1	1	1	2	1	1	1	1	1
ORTHOMCL3277	1	1	1	2	1	1	1	1	1	1	1	1	1	1	1	1	1	1	1	1	1
ORTHOMCL3283	1	1	1	1	1	1	1	1	1	1	1	1	1	1	1	2	1	1	1	1	1
ORTHOMCL3285	1	2	1	1	1	1	1	1	1	1	1	2	0	1	1	1	1	1	1	1	1
ORTHOMCL3294	1	1	1	1	1	1	1	1	1	2	1	1	1	1	1	1	1	1	1	1	1
ORTHOMCL3302	1	1	1	2	1	1	1	1	1	1	1	1	1	1	1	1	1	1	1	1	1
ORTHOMCL3315	1	1	1	1	1	1	1	1	1	2	1	1	1	1	1	1	1	1	1	1	1
ORTHOMCL3316	1	1	1	1	1	1	1	1	1	1	1	1	1	1	1	1	2	1	1	1	1
ORTHOMCL3321	1	1	1	1	1	1	1	1	1	1	1	1	1	1	1	1	2	1	1	1	1
ORTHOMCL3327	1	1	1	1	1	1	1	1	1	1	1	1	1	1	1	1	2	1	1	1	1
ORTHOMCL3331	2	1	1	1	1	1	1	1	1	1	1	1	1	1	1	1	1	1	1	1	1
ORTHOMCL3336	1	1	1	1	1	0	1	1	1	1	1	1	1	1	1	1	3	1	1	1	1
ORTHOMCL3340	1	2	1	1	1	1	1	1	1	1	1	1	1	1	1	1	1	1	1	1	1
ORTHOMCL3344	1	1	1	1	1	1	1	1	1	2	1	1	1	1	1	1	1	1	1	1	1
ORTHOMCL3351	1	1	1	1	1	1	1	1	1	1	1	1	1	1	1	1	2	1	1	1	1
ORTHOMCL3354	1	1	1	2	1	1	1	1	1	1	1	1	1	1	1	1	1	1	1	1	1
ORTHOMCL3367	1	1	1	1	1	1	1	1	1	1	1	1	1	1	1	2	1	1	1	1	1
ORTHOMCL3374	1	1	1	1	1	1	1	1	1	1	1	1	1	1	1	1	2	1	1	1	1
ORTHOMCL3407	1	1	1	1	1	1	1	1	1	1	1	1	1	1	1	1	2	1	1	1	1
ORTHOMCL3408	1	1	1	1	1	1	1	1	1	1	1	1	1	1	1	1	2	1	1	1	1
ORTHOMCL3425	1	1	1	1	1	1	1	1	1	1	1	1	2	1	1	1	1	1	1	1	1
ORTHOMCL3442	1	1	1	1	1	1	1	1	1	2	1	1	1	1	1	1	1	1	1	1	1
ORTHOMCL3443	1	2	1	1	1	1	1	1	1	1	1	1	1	1	1	1	1	1	1	1	1
ORTHOMCL3450	1	1	1	1	1	1	1	1	1	2	1	1	1	1	1	1	1	1	1	1	1
ORTHOMCL3464	1	1	1	1	1	1	1	1	1	1	1	1	1	1	1	1	2	1	1	1	1
ORTHOMCL3469	1	1	1	1	1	1	1	1	1	1	1	1	2	1	1	1	1	1	1	1	1
ORTHOMCL3479	1	1	1	1	1	1	1	1	1	1	1	1	1	1	1	1	2	1	1	1	1
ORTHOMCL3482	1	1	1	1	1	1	1	1	1	1	1	1	1	1	1	1	2	1	1	1	1
ORTHOMCL3513	1	1	1	1	1	1	1	1	1	1	1	1	1	1	1	2	1	1	1	1	1
ORTHOMCL3519	1	2	1	1	1	1	1	1	1	1	1	1	1	1	1	1	1	1	1	1	1
ORTHOMCL3528	1	1	1	2	1	1	1	1	1	2	1	1	0	1	1	1	1	1	1	1	1
ORTHOMCL3542	1	1	1	1	1	1	1	1	1	1	1	1	1	2	1	1	1	1	1	1	1
ORTHOMCL3552	1	1	1	1	1	1	1	1	1	2	1	1	1	1	1	1	1	1	1	1	1
ORTHOMCL3569	1	1	1	2	1	1	1	1	1	1	1	1	1	1	1	1	1	1	1	1	1
ORTHOMCL3577	1	1	1	1	1	1	1	1	1	2	1	1	1	1	1	1	1	1	1	1	1
ORTHOMCL3605	1	1	1	1	1	1	1	1	1	1	1	1	2	1	1	1	1	1	1	1	1
ORTHOMCL3609	1	1	1	1	1	1	1	1	1	2	1	1	1	1	1	1	1	1	1	1	1
ORTHOMCL3610	1	1	1	2	1	1	1	1	1	1	1	1	1	1	1	1	1	1	1	1	1
ORTHOMCL3612	1	1	1	1	1	1	1	1	1	1	1	2	1	1	1	1	1	1	1	1	1
ORTHOMCL3621	1	1	1	1	1	1	1	1	1	1	1	1	1	2	1	1	1	1	1	1	1
ORTHOMCL3623	1	1	1	1	1	1	1	1	1	2	1	1	1	1	1	1	1	1	1	1	1
ORTHOMCL3633	1	1	1	1	1	1	1	1	1	1	1	1	2	1	1	1	1	1	1	1	1
ORTHOMCL3638	1	1	1	1	1	1	1	1	1	1	1	1	1	2	1	1	1	1	1	1	1
ORTHOMCL3677	1	1	1	1	1	1	1	1	1	1	1	1	1	1	1	1	2	1	1	1	1
ORTHOMCL3680	1	1	1	1	1	1	1	1	1	1	1	1	1	2	1	1	1	1	1	1	1
ORTHOMCL3692	1	1	1	1	1	2	1	1	1	1	1	1	1	1	1	1	1	1	1	1	1
ORTHOMCL3706	1	1	1	1	1	1	1	1	1	1	1	1	2	1	1	1	1	1	1	1	1
ORTHOMCL3707	2	1	1	1	1	1	1	1	1	1	1	1	1	1	1	1	1	1	1	1	1
ORTHOMCL3709	2	1	1	1	1	1	1	1	1	1	1	1	1	1	1	1	1	1	1	1	1
ORTHOMCL3729	1	1	1	1	1	1	1	1	1	2	1	1	1	1	1	1	1	1	1	1	1
ORTHOMCL3731	1	1	1	1	1	1	1	1	1	1	1	1	1	1	1	2	1	1	1	1	1
ORTHOMCL3747	1	1	1	1	1	2	1	1	1	1	1	1	2	0	1	1	1	1	1	1	1
ORTHOMCL3752	1	1	1	1	1	1	1	1	1	1	1	1	1	1	1	1	2	1	1	1	1
ORTHOMCL3753	1	1	1	1	1	1	1	1	1	1	1	1	2	1	1	1	1	1	1	1	1
ORTHOMCL3754	1	1	1	1	1	1	1	1	1	1	1	1	1	1	1	2	1	1	1	1	1
ORTHOMCL3765	1	1	1	1	1	1	1	1	1	1	1	1	2	1	1	1	1	1	1	1	1
ORTHOMCL3772	1	1	1	1	1	1	1	1	1	1	1	1	1	1	1	2	1	1	1	1	1
ORTHOMCL3775	1	1	1	1	1	1	1	1	1	1	1	1	1	1	1	1	2	1	1	1	1
ORTHOMCL3777	2	1	1	1	1	1	1	1	1	1	1	1	1	1	1	1	1	1	1	1	1
ORTHOMCL3790	1	1	1	1	1	2	1	1	1	1	1	1	1	1	1	1	1	1	1	1	1
ORTHOMCL3799	1	1	1	1	1	1	1	1	1	1	1	1	1	1	1	2	1	1	1	1	1
ORTHOMCL3801	1	1	1	1	1	1	1	1	1	1	1	1	1	1	1	2	1	1	1	1	1
ORTHOMCL3811	1	1	1	1	1	1	1	1	1	1	1	1	1	2	1	1	1	1	1	1	1
ORTHOMCL3816	1	2	1	1	1	1	1	1	1	1	1	1	1	1	1	1	1	1	1	1	1
ORTHOMCL3818	1	1	1	1	1	1	1	1	1	1	1	1	1	1	1	2	1	1	1	1	1
ORTHOMCL3822	1	1	1	1	1	1	1	1	1	1	1	1	1	1	1	1	2	1	1	1	1
ORTHOMCL3832	1	1	1	1	1	1	1	1	1	2	1	1	1	1	1	1	1	1	1	1	1
ORTHOMCL3833	1	1	1	1	1	1	1	1	1	1	1	1	2	1	1	1	1	1	1	1	1
ORTHOMCL3837	2	1	1	1	1	1	1	1	1	1	1	1	1	1	1	1	1	1	1	1	1
ORTHOMCL3845	1	1	1	1	1	1	1	1	1	1	1	2	1	1	1	1	1	1	1	1	1
ORTHOMCL3850	1	1	1	1	1	1	1	1	1	1	1	3	0	1	1	1	1	1	1	1	1
ORTHOMCL3860	1	2	1	1	1	1	1	1	1	1	1	1	1	1	1	1	1	1	1	1	1
ORTHOMCL3876	1	1	1	1	1	1	1	1	1	1	1	1	1	1	1	1	2	1	1	1	1
ORTHOMCL3882	1	1	1	1	1	1	1	1	1	1	1	1	2	1	1	1	1	1	1	1	1
ORTHOMCL3884	1	1	1	1	1	1	1	1	1	1	1	1	1	2	1	1	1	1	1	1	1
ORTHOMCL3891	1	1	1	1	1	1	1	1	1	1	1	1	1	2	1	1	1	1	1	1	1
ORTHOMCL3904	1	2	1	1	1	0	1	1	1	2	1	1	1	1	1	1	1	1	1	1	1
ORTHOMCL3907	1	2	1	1	1	1	1	1	1	1	1	1	1	1	1	1	1	1	1	1	1
ORTHOMCL3908	1	1	1	1	1	1	1	1	1	1	1	1	1	1	1	2	1	1	1	1	1
ORTHOMCL3910	1	1	1	2	1	1	1	1	1	1	1	1	1	1	1	1	1	1	1	1	1
ORTHOMCL3912	1	1	1	2	1	1	1	1	1	1	1	1	1	1	1	1	1	1	1	1	1
ORTHOMCL3914	1	1	1	1	1	1	1	1	1	1	1	1	1	1	1	1	2	1	1	1	1
ORTHOMCL3928	1	1	1	1	1	2	1	1	1	1	1	1	1	1	1	1	1	1	1	1	1
ORTHOMCL3929	1	1	1	1	1	1	1	1	1	1	1	2	1	1	1	1	1	1	1	1	1
ORTHOMCL3947	1	1	1	1	1	1	1	1	1	1	1	1	1	1	1	1	2	1	1	1	1
ORTHOMCL3965	1	1	1	1	1	2	1	1	1	1	1	1	1	1	1	1	1	1	1	1	1
ORTHOMCL3967	1	2	1	1	1	1	1	1	1	1	1	1	1	1	1	1	1	1	1	1	1
ORTHOMCL3968	1	1	1	1	1	1	1	1	1	1	1	1	1	1	1	1	2	1	1	1	1
ORTHOMCL3973	1	1	1	1	1	1	1	1	1	1	1	1	1	1	1	2	1	1	1	1	1
ORTHOMCL3975	1	1	1	1	1	1	1	1	1	1	1	1	1	1	1	1	2	1	1	1	1
ORTHOMCL3979	1	1	1	2	1	1	1	1	1	1	1	1	1	1	1	1	1	1	1	1	1
ORTHOMCL4012	2	1	1	1	1	1	1	1	1	1	1	1	1	1	1	1	1	1	1	1	1
ORTHOMCL4013	1	1	1	1	1	1	1	1	1	1	1	1	1	1	1	2	1	1	1	1	1
ORTHOMCL4015	1	1	1	1	1	1	1	1	1	1	1	1	1	1	1	1	2	1	1	1	1
ORTHOMCL4016	1	1	1	2	1	1	1	1	1	1	1	1	1	1	1	1	1	1	1	1	1
ORTHOMCL4020	1	1	1	1	1	1	1	1	1	1	1	1	2	1	1	1	1	1	1	1	1
ORTHOMCL4040	1	1	1	1	1	1	1	1	1	1	1	2	1	0	1	2	1	1	1	1	1
ORTHOMCL4049	1	1	1	1	1	1	1	1	1	1	1	1	1	1	1	2	1	1	1	1	1
ORTHOMCL4050	1	1	1	1	1	1	1	1	1	2	1	1	1	1	1	1	1	1	1	1	1
ORTHOMCL4067	1	1	1	1	1	1	1	1	1	1	1	1	1	2	1	1	1	1	1	1	1
ORTHOMCL4091	1	1	1	1	1	1	1	1	1	1	1	1	1	1	1	1	2	1	1	1	1
ORTHOMCL4117	1	1	1	1	1	1	1	1	1	1	1	1	2	1	1	1	1	1	1	1	1
ORTHOMCL4118	1	1	1	1	1	1	1	1	1	2	1	1	1	1	1	1	1	1	1	1	1
ORTHOMCL4130	1	1	1	1	1	1	1	1	1	2	1	1	1	1	1	1	1	1	1	1	1
ORTHOMCL4142	1	1	1	1	1	1	1	1	1	1	1	1	1	1	1	1	2	1	1	1	1
ORTHOMCL4156	1	1	1	1	1	1	1	1	1	2	1	1	1	1	1	1	1	1	1	1	1
ORTHOMCL4164	1	1	1	1	1	1	1	1	1	2	1	1	1	1	1	1	1	1	1	1	1
ORTHOMCL4174	1	1	1	1	1	1	1	1	1	1	1	1	1	2	1	1	1	1	1	1	1
ORTHOMCL4179	1	1	1	1	1	1	1	1	1	2	1	1	1	1	1	1	1	1	1	1	1
ORTHOMCL4182	1	1	1	1	1	1	1	1	1	2	1	1	1	1	1	1	1	1	1	1	1
ORTHOMCL4185	1	2	1	1	1	1	1	1	1	1	1	1	1	1	1	1	1	1	1	1	1
ORTHOMCL4188	1	1	1	1	1	1	1	1	1	1	1	1	1	1	1	1	2	1	1	1	1
ORTHOMCL4189	1	1	1	1	1	1	1	1	1	1	1	1	1	1	1	1	2	1	1	1	1
ORTHOMCL4192	2	1	1	1	1	1	1	1	1	1	1	1	1	1	1	1	1	1	1	1	1
ORTHOMCL4194	1	2	1	1	1	1	1	1	1	1	1	1	1	1	1	1	1	1	1	1	1
ORTHOMCL4198	1	1	1	1	1	1	1	1	1	2	1	1	1	1	1	1	1	1	1	1	1
ORTHOMCL4202	1	2	1	1	1	1	1	1	1	1	1	1	1	1	1	1	1	1	1	1	1
ORTHOMCL4206	1	1	1	1	1	1	1	1	1	2	1	1	1	1	1	1	1	1	1	1	1
ORTHOMCL4209	1	1	1	1	1	1	1	1	1	1	1	1	1	1	1	2	1	1	1	1	1
ORTHOMCL4212	1	1	1	1	1	1	1	1	1	2	1	1	1	1	1	1	1	1	1	1	1
ORTHOMCL4221	0	1	2	1	1	1	1	1	1	1	1	1	1	1	1	1	2	1	1	1	1
ORTHOMCL4236	1	1	1	1	1	1	1	1	1	1	1	1	1	2	1	1	1	1	1	1	1
ORTHOMCL4240	1	1	1	1	1	1	1	1	1	1	1	1	1	1	1	2	1	1	1	1	1
ORTHOMCL4242	1	1	1	1	1	1	1	1	1	1	1	1	1	1	1	2	1	1	1	1	1
ORTHOMCL4243	1	1	1	1	1	1	1	1	1	1	1	1	1	1	1	1	2	1	1	1	1
ORTHOMCL4249	1	1	1	1	1	1	1	1	1	1	1	1	1	1	1	2	1	1	1	1	1
ORTHOMCL4256	1	1	1	1	1	1	1	1	1	1	1	1	1	1	1	2	1	1	1	1	1
ORTHOMCL4279	1	2	1	1	1	1	1	1	1	1	1	1	1	1	1	1	1	1	1	1	1
ORTHOMCL4281	1	1	1	1	1	1	1	1	1	1	1	1	1	1	1	1	2	1	1	1	1
ORTHOMCL4294	1	1	1	1	1	1	1	1	1	1	1	1	1	2	1	1	1	1	1	1	1
ORTHOMCL4314	1	1	1	1	1	1	1	1	1	1	1	1	1	1	1	2	1	1	1	1	1
ORTHOMCL4316	1	1	1	1	1	1	1	1	1	1	1	1	1	1	1	2	1	1	1	1	1
ORTHOMCL4317	1	1	1	1	1	1	1	1	1	2	1	1	1	1	1	1	1	1	1	1	1
ORTHOMCL4331	1	1	1	1	1	1	1	1	1	1	1	1	1	1	1	2	1	1	1	1	1
ORTHOMCL4338	1	1	1	1	1	1	1	1	1	1	1	1	1	1	1	1	2	1	1	1	1
ORTHOMCL4344	1	1	1	1	1	1	1	1	1	2	1	1	1	1	1	1	1	1	1	1	1
ORTHOMCL4345	1	1	1	1	1	1	1	1	1	1	1	1	1	1	1	2	1	1	1	1	1
ORTHOMCL4349	2	1	1	1	1	1	1	1	1	1	1	1	1	1	1	1	1	1	1	1	1
ORTHOMCL4353	1	1	1	1	1	1	1	1	1	1	1	1	1	1	1	2	1	1	1	1	1
ORTHOMCL4355	1	1	1	1	1	1	1	1	1	1	1	2	1	1	1	1	1	1	1	1	1
ORTHOMCL4362	1	1	1	1	1	1	1	1	1	1	1	1	1	1	1	1	2	1	1	1	1
ORTHOMCL4366	1	1	1	1	1	1	1	1	1	1	1	1	1	2	1	1	1	1	1	1	1
ORTHOMCL4380	1	1	1	1	1	1	1	1	1	1	1	1	1	1	1	2	1	1	1	1	1
ORTHOMCL4382	2	1	1	1	1	1	1	1	1	1	1	1	1	1	1	1	1	1	1	1	1
ORTHOMCL4387	1	1	1	1	1	1	1	1	1	1	1	1	1	2	1	1	1	1	1	1	1
ORTHOMCL4393	1	1	1	1	1	1	1	1	1	1	1	1	1	1	1	2	1	1	1	1	1
ORTHOMCL4396	1	1	1	1	1	1	1	1	1	1	1	1	1	1	1	2	1	1	1	1	1
ORTHOMCL4424	1	1	1	1	1	1	1	1	1	1	1	1	1	1	1	1	1	1	1	1	1
ORTHOMCL4437	1	2	1	1	1	1	1	1	1	1	1	1	1	1	1	1	0	1	1	1	1
ORTHOMCL4442	1	1	1	1	1	1	1	1	1	1	1	1	1	1	1	1	1	1	1	1	1
ORTHOMCL4453	1	1	1	1	1	1	1	1	1	1	1	1	1	1	1	1	1	1	1	1	1
ORTHOMCL4455	1	1	1	1	1	1	1	1	1	1	1	1	1	1	1	1	1	1	1	1	1
ORTHOMCL4456	1	1	1	1	1	1	1	1	1	1	1	1	1	1	1	1	1	1	1	1	1
ORTHOMCL4459	1	1	1	1	1	1	1	1	1	1	1	1	1	1	1	1	1	1	1	1	1
ORTHOMCL4461	1	1	1	1	1	1	1	1	1	1	1	1	1	1	1	1	1	1	1	1	1
ORTHOMCL4479	1	1	1	1	1	1	1	1	1	1	1	1	1	1	1	1	1	1	1	1	1
ORTHOMCL4495	1	1	1	1	1	1	1	1	1	1	1	1	1	1	1	1	1	1	1	1	1
ORTHOMCL4504	1	1	1	1	1	1	1	1	1	1	1	1	1	1	1	1	1	1	1	1	1
ORTHOMCL4505	1	1	1	1	1	1	1	1	1	1	1	1	1	1	1	1	1	1	1	1	1
ORTHOMCL4521	1	1	1	1	1	1	1	1	1	1	1	1	1	1	1	1	1	1	1	1	1
ORTHOMCL4528	1	1	1	1	1	1	1	1	1	1	1	1	1	1	1	1	1	1	1	1	1
ORTHOMCL4529	1	1	1	1	1	1	1	1	1	1	1	1	1	1	1	1	1	1	1	1	1
ORTHOMCL4530	1	1	1	1	1	1	1	1	1	1	1	1	1	1	1	1	1	1	1	1	1
ORTHOMCL4558	1	1	1	1	1	1	1	1	1	1	1	1	1	1	1	0	2	1	1	1	1
ORTHOMCL4565	1	1	1	2	1	1	1	1	1	1	1	1	0	1	1	1	1	1	1	1	1
ORTHOMCL4569	1	1	1	1	1	1	1	1	1	1	1	1	1	1	1	1	1	1	1	1	1
ORTHOMCL4581	1	1	1	2	1	0	1	1	1	1	1	1	1	1	1	1	1	1	1	1	1
ORTHOMCL4585	1	1	1	1	1	1	1	1	1	1	1	1	1	1	1	1	1	1	1	1	1
ORTHOMCL4588	1	1	1	1	1	1	1	1	1	1	1	1	1	1	1	1	1	1	1	1	1
ORTHOMCL4590	1	1	1	1	1	1	1	1	1	1	1	1	1	1	1	1	1	1	1	1	1
ORTHOMCL4606	1	1	1	1	1	1	1	1	1	1	1	1	1	1	1	1	1	1	1	1	1
ORTHOMCL4615	1	1	1	1	1	1	1	1	1	1	1	1	1	1	1	1	1	1	1	1	1
ORTHOMCL4622	1	1	1	1	1	1	1	1	1	1	1	1	1	1	1	1	1	1	1	1	1
ORTHOMCL4630	1	1	1	1	1	1	1	1	1	1	1	1	1	1	1	1	1	1	1	1	1
ORTHOMCL4634	1	1	1	1	1	1	1	1	1	1	1	1	1	1	1	1	1	1	1	1	1
ORTHOMCL4635	1	1	1	1	1	1	1	1	1	1	1	1	1	1	1	1	1	1	1	1	1
ORTHOMCL4643	1	1	1	1	1	1	1	1	1	1	1	1	1	1	1	1	1	1	1	1	1
ORTHOMCL4649	1	1	1	1	1	1	1	1	1	1	1	1	1	1	1	1	1	1	1	1	1
ORTHOMCL4656	1	1	1	1	1	1	1	1	1	1	1	1	1	1	1	1	1	1	1	1	1
ORTHOMCL4689	1	1	1	1	1	1	1	1	1	1	1	1	1	1	1	1	1	1	1	1	1
ORTHOMCL4692	1	1	1	1	1	1	1	1	1	1	1	1	1	1	1	1	1	1	1	1	1
ORTHOMCL4707	1	1	1	1	1	1	1	1	1	1	1	1	1	1	1	1	1	1	1	1	1
ORTHOMCL4710	1	1	1	1	1	1	1	1	1	1	1	1	1	1	1	1	1	1	1	1	1
ORTHOMCL4711	1	0	1	1	1	1	1	1	1	1	1	1	1	1	1	2	1	1	1	1	1
ORTHOMCL4718	1	1	1	1	1	1	1	1	1	1	1	1	1	1	1	1	1	1	1	1	1
ORTHOMCL4725	1	1	1	1	1	1	1	1	1	1	1	1	1	1	1	1	1	1	1	1	1
ORTHOMCL4729	1	1	1	1	1	1	1	1	1	1	1	1	1	1	1	1	1	1	1	1	1
ORTHOMCL4736	1	1	1	1	1	1	1	1	1	1	1	1	1	1	1	1	1	1	1	1	1
ORTHOMCL4743	1	1	1	1	1	1	1	1	1	1	1	1	1	1	1	1	1	1	1	1	1
ORTHOMCL4754	1	1	1	1	1	1	1	1	1	1	1	1	1	1	1	1	1	1	1	1	1
ORTHOMCL4761	1	1	1	1	1	1	1	1	1	1	1	1	1	1	1	1	1	1	1	1	1
ORTHOMCL4763	1	1	1	1	1	1	1	1	1	1	1	1	2	1	1	0	1	1	1	1	1
ORTHOMCL4764	1	1	1	1	1	1	1	1	1	1	1	1	1	1	1	1	1	1	1	1	1
ORTHOMCL4765	1	1	1	1	1	1	1	1	1	1	1	1	1	1	1	1	1	1	1	1	1
ORTHOMCL4769	1	1	1	1	1	1	1	1	1	1	1	1	1	1	1	1	1	1	1	1	1
ORTHOMCL4773	1	1	1	1	1	1	1	1	1	1	1	1	1	1	1	1	1	1	1	1	1
ORTHOMCL4777	1	1	1	1	1	1	1	1	1	1	1	1	1	1	1	1	1	1	1	1	1
ORTHOMCL4785	1	1	1	1	1	1	1	1	1	1	1	1	1	1	1	1	1	1	1	1	1
ORTHOMCL4790	1	1	1	1	1	1	1	1	1	1	1	1	1	1	1	1	1	1	1	1	1
ORTHOMCL4798	1	1	1	1	1	1	1	1	1	1	1	1	1	1	1	1	1	1	1	1	1
ORTHOMCL4830	1	1	1	1	1	1	1	1	1	1	1	1	1	1	1	1	1	1	1	1	1
ORTHOMCL4837	1	1	1	1	1	1	1	1	1	1	1	1	1	1	1	1	1	1	1	1	1
ORTHOMCL4843	1	1	1	1	1	0	1	1	1	1	1	1	1	1	1	2	1	1	1	1	1
ORTHOMCL4861	1	1	1	1	1	1	1	1	1	1	1	1	1	1	1	1	1	1	1	1	1
ORTHOMCL4862	1	1	1	1	1	1	1	1	1	1	1	0	1	1	1	1	2	1	1	1	1
ORTHOMCL4872	1	1	1	1	1	1	1	1	1	1	1	1	1	1	1	1	1	1	1	1	1
ORTHOMCL4873	1	1	1	1	1	1	1	1	1	1	1	1	1	1	1	1	1	1	1	1	1
ORTHOMCL4891	1	1	1	1	1	1	1	1	1	1	1	1	1	1	1	1	1	1	1	1	1
ORTHOMCL4893	1	1	1	1	1	1	1	1	1	1	1	1	1	1	1	1	1	1	1	1	1
ORTHOMCL4897	1	1	1	1	1	1	1	1	1	1	1	1	1	1	1	1	1	1	1	1	1
ORTHOMCL4906	1	1	1	1	1	1	1	1	1	1	1	1	1	1	1	1	1	1	1	1	1
ORTHOMCL4919	1	1	1	1	1	1	1	1	1	1	1	1	1	1	1	1	1	1	1	1	1
ORTHOMCL4924	1	1	1	1	1	1	1	1	1	1	1	1	1	1	1	1	1	1	1	1	1
ORTHOMCL4925	1	1	1	1	1	1	1	1	1	1	1	1	1	1	1	1	1	1	1	1	1
ORTHOMCL4927	1	1	1	1	1	1	1	1	1	1	1	1	1	1	1	1	1	1	1	1	1
ORTHOMCL4930	1	1	1	1	1	1	1	1	1	1	1	2	0	1	1	1	1	1	1	1	1
ORTHOMCL4949	1	1	1	1	1	1	1	1	1	1	1	1	1	1	1	1	1	1	1	1	1
ORTHOMCL4954	1	1	1	1	1	1	1	1	1	1	1	1	1	1	1	1	1	1	1	1	1
ORTHOMCL4967	1	1	1	1	1	1	1	1	1	1	1	1	1	1	1	1	1	1	1	1	1
ORTHOMCL4972	1	1	1	1	1	1	1	1	1	1	1	1	1	1	1	1	1	1	1	1	1
ORTHOMCL4996	1	1	1	1	1	1	1	1	1	1	1	1	1	1	1	1	1	1	1	1	1
ORTHOMCL4998	1	1	1	1	1	1	1	1	1	1	1	1	1	1	1	1	1	1	1	1	1
ORTHOMCL5006	1	1	1	1	1	1	1	1	1	1	1	1	1	1	1	1	1	1	1	1	1
ORTHOMCL5019	1	1	1	1	1	1	1	1	1	1	1	1	1	1	1	1	1	1	1	1	1
ORTHOMCL5031	1	1	1	1	1	1	1	1	1	1	1	1	1	1	1	1	1	1	1	1	1
ORTHOMCL5034	1	1	1	1	1	1	1	1	1	1	1	1	1	1	1	1	1	1	1	1	1
ORTHOMCL5038	1	1	1	1	1	1	1	1	1	1	1	1	1	1	1	1	1	1	1	1	1
ORTHOMCL5046	1	1	1	1	1	1	1	1	1	1	1	1	1	1	1	1	1	1	1	1	1
ORTHOMCL5052	1	1	1	1	1	1	1	1	1	1	1	1	1	1	1	1	1	1	1	1	1
ORTHOMCL5057	2	1	1	1	1	1	1	1	1	1	1	1	0	1	1	1	1	1	1	1	1
ORTHOMCL5063	1	1	1	1	1	1	1	1	1	2	1	1	0	1	1	1	1	1	1	1	1
ORTHOMCL5074	1	1	1	1	1	1	1	1	1	1	1	1	1	1	1	1	1	1	1	1	1
ORTHOMCL5080	1	1	1	1	1	1	1	1	1	1	1	1	1	1	1	1	1	1	1	1	1
ORTHOMCL5081	1	1	1	1	1	1	1	1	1	1	1	1	1	1	1	1	1	1	1	1	1
ORTHOMCL5082	1	1	1	1	1	1	1	1	1	1	1	1	1	1	1	1	1	1	1	1	1
ORTHOMCL5084	1	1	1	1	1	1	1	1	1	2	1	1	1	1	1	0	1	1	1	1	1
ORTHOMCL5089	1	1	1	1	1	1	1	1	1	1	1	1	1	1	1	1	1	1	1	1	1
ORTHOMCL5090	1	1	1	1	1	1	1	1	1	1	1	1	1	1	1	1	1	1	1	1	1
ORTHOMCL5092	1	1	1	1	1	1	1	1	1	1	1	1	1	1	1	1	1	1	1	1	1
ORTHOMCL5097	1	1	1	1	1	1	1	1	1	1	1	1	1	1	1	1	1	1	1	1	1
ORTHOMCL5100	1	1	1	1	1	1	1	1	1	1	1	1	1	1	1	1	1	1	1	1	1
ORTHOMCL5108	1	1	1	2	1	1	1	1	1	1	1	1	1	1	1	0	1	1	1	1	1
ORTHOMCL5116	1	1	1	1	1	1	1	1	1	1	1	1	1	1	1	1	1	1	1	1	1
ORTHOMCL5121	1	1	1	1	1	1	1	1	1	1	1	1	1	1	1	1	1	1	1	1	1
ORTHOMCL5122	1	1	1	1	1	1	1	1	1	1	1	1	1	1	1	1	1	1	1	1	1
ORTHOMCL5127	1	1	1	1	1	1	1	1	1	1	1	1	1	1	1	1	1	1	1	1	1
ORTHOMCL5132	1	1	1	1	1	1	1	1	1	1	1	1	1	1	1	1	1	1	1	1	1
ORTHOMCL5148	1	1	1	1	1	1	1	1	1	1	1	1	1	1	1	1	1	1	1	1	1
ORTHOMCL5162	1	1	1	1	1	1	1	1	1	1	1	1	1	1	1	1	1	1	1	1	1
ORTHOMCL5167	1	1	1	1	1	1	1	1	1	1	1	1	1	1	1	1	1	1	1	1	1
ORTHOMCL5174	1	1	1	1	1	1	1	1	1	1	1	1	1	1	1	1	1	1	1	1	1
ORTHOMCL5177	1	1	1	1	1	1	1	1	1	1	1	1	1	1	1	1	1	1	1	1	1
ORTHOMCL5179	1	1	1	2	1	0	1	1	1	1	1	1	1	1	1	1	1	1	1	1	1
ORTHOMCL5180	1	1	1	1	1	1	1	1	1	1	1	1	1	1	1	1	1	1	1	1	1
ORTHOMCL5181	1	1	1	1	1	1	1	1	1	1	1	1	1	1	1	1	1	1	1	1	1
ORTHOMCL5188	1	1	1	1	1	1	1	1	1	1	1	1	1	1	1	1	1	1	1	1	1
ORTHOMCL5190	1	1	1	1	1	1	1	1	1	1	1	1	1	1	1	1	1	1	1	1	1
ORTHOMCL5192	1	1	1	1	1	1	1	1	1	1	1	1	1	1	1	1	1	1	1	1	1
ORTHOMCL5193	1	1	1	1	1	1	1	1	1	1	1	1	1	1	1	1	1	1	1	1	1
ORTHOMCL5197	1	1	1	1	1	1	1	1	1	1	1	1	1	1	1	1	1	1	1	1	1
ORTHOMCL5201	1	1	1	1	1	1	1	1	1	1	1	1	1	1	1	1	1	1	1	1	1
ORTHOMCL5209	1	1	1	1	1	1	1	1	1	1	1	1	1	1	1	1	1	1	1	1	1
ORTHOMCL5210	1	1	1	1	1	1	1	1	1	1	1	1	1	1	1	1	1	1	1	1	1
ORTHOMCL5228	1	1	1	1	1	1	1	1	1	1	1	1	1	1	1	1	1	1	1	1	1
ORTHOMCL5236	1	1	1	1	1	1	1	1	1	1	1	1	1	1	1	1	1	1	1	1	1
ORTHOMCL5242	1	1	1	1	1	1	1	1	1	1	1	1	1	1	1	1	1	1	1	1	1
ORTHOMCL5244	1	1	1	1	1	1	1	1	1	1	1	1	1	1	1	1	1	1	1	1	1
ORTHOMCL5251	1	1	1	1	1	1	1	1	1	1	1	1	1	1	1	1	1	1	1	1	1
ORTHOMCL5259	1	1	1	1	1	1	1	1	1	1	1	1	1	1	1	1	1	1	1	1	1
ORTHOMCL5260	1	1	1	1	1	1	1	1	1	1	1	1	1	1	1	1	1	1	1	1	1
ORTHOMCL5280	1	1	1	1	1	1	1	1	1	1	1	1	1	1	1	1	1	1	1	1	1
ORTHOMCL5285	1	1	1	1	1	1	1	1	1	1	1	1	1	1	1	1	1	1	1	1	1
ORTHOMCL5287	1	1	1	1	1	1	1	1	1	1	1	1	1	1	1	1	1	1	1	1	1
ORTHOMCL5289	2	2	1	1	2	1	1	1	1	1	1	0	0	1	1	1	1	1	1	1	1
ORTHOMCL5293	1	1	1	1	1	1	1	1	1	1	1	1	1	1	1	1	1	1	1	1	1
ORTHOMCL5308	1	1	1	1	1	1	1	1	1	1	1	1	1	1	1	1	1	1	1	1	1
ORTHOMCL5316	1	1	1	1	1	1	1	1	1	1	1	1	1	1	1	1	1	1	1	1	1
ORTHOMCL5323	1	1	1	1	1	1	1	1	1	2	1	0	1	1	1	1	1	1	1	1	1
ORTHOMCL5330	1	1	1	1	1	1	1	1	1	1	1	1	1	1	1	1	1	1	1	1	1
ORTHOMCL5338	1	1	1	1	1	1	1	1	1	1	1	1	1	1	1	1	1	1	1	1	1
ORTHOMCL5339	1	1	1	1	1	1	1	1	1	1	1	1	1	1	1	1	1	1	1	1	1
ORTHOMCL5349	1	1	1	1	1	1	1	1	1	1	1	1	1	1	1	1	1	1	1	1	1
ORTHOMCL5358	1	1	1	1	1	1	1	1	1	1	1	1	1	1	1	1	1	1	1	1	1
ORTHOMCL5363	1	1	1	1	1	1	1	1	1	1	1	1	1	1	1	1	1	1	1	1	1
ORTHOMCL5365	1	1	1	1	1	1	1	1	1	1	1	1	1	1	1	1	1	1	1	1	1
ORTHOMCL5381	1	1	1	1	1	1	1	1	1	1	1	1	1	1	1	1	1	1	1	1	1
ORTHOMCL5394	1	1	1	1	1	1	1	1	1	1	1	1	1	1	1	1	1	1	1	1	1
ORTHOMCL5396	1	1	1	1	1	1	1	1	1	1	1	1	1	1	1	1	1	1	1	1	1
ORTHOMCL5397	1	1	1	1	1	1	1	1	1	1	1	1	1	1	1	1	1	1	1	1	1
ORTHOMCL5405	1	1	1	1	1	1	1	1	1	1	1	1	1	1	1	1	1	1	1	1	1
ORTHOMCL5409	1	1	1	1	1	1	1	1	1	1	1	1	1	1	1	1	1	1	1	1	1
ORTHOMCL5424	1	1	1	1	1	1	1	1	1	1	1	1	1	1	1	1	1	1	1	1	1
ORTHOMCL5426	1	1	1	1	1	1	1	1	1	1	1	1	1	1	1	1	1	1	1	1	1
ORTHOMCL5435	1	1	1	1	1	1	1	1	1	1	1	1	1	1	1	1	1	1	1	1	1
ORTHOMCL5452	1	1	1	1	1	1	1	1	1	1	1	1	1	1	1	1	1	1	1	1	1
ORTHOMCL5469	1	1	1	1	1	1	1	1	1	1	1	1	1	1	1	1	1	1	1	1	1
ORTHOMCL5479	1	1	1	1	1	1	1	1	1	1	1	1	1	1	1	1	1	1	1	1	1
ORTHOMCL5493	1	1	1	1	1	1	1	1	1	1	1	1	1	1	1	1	1	1	1	1	1
ORTHOMCL5501	1	1	1	1	1	1	1	1	1	1	1	1	1	1	1	1	1	1	1	1	1
ORTHOMCL5502	1	1	1	1	1	1	1	1	1	1	1	1	1	1	1	1	1	1	1	1	1
ORTHOMCL5520	1	1	1	1	1	1	1	1	1	1	1	1	1	1	1	1	1	1	1	1	1
ORTHOMCL5523	1	1	1	1	1	1	1	1	1	1	1	1	1	1	1	1	1	1	1	1	1
ORTHOMCL5534	1	1	1	1	1	1	1	1	1	1	1	1	1	1	1	1	1	1	1	1	1
ORTHOMCL5545	1	1	1	1	1	1	1	1	1	1	1	1	1	1	1	1	1	1	1	1	1
ORTHOMCL5556	1	1	1	1	1	1	1	1	1	1	1	1	1	1	1	1	1	1	1	1	1
ORTHOMCL5557	1	1	1	1	1	1	1	1	1	1	1	1	1	1	1	1	1	1	1	1	1
ORTHOMCL5568	1	1	1	1	1	1	1	1	1	1	1	1	1	1	1	1	1	1	1	1	1
ORTHOMCL5571	1	1	1	1	1	1	1	1	1	1	1	1	1	1	1	1	1	1	1	1	1
ORTHOMCL5583	1	1	1	1	1	1	1	1	1	1	1	1	1	1	1	1	1	1	1	1	1
ORTHOMCL5590	1	1	1	1	1	1	1	1	1	1	1	1	1	1	1	1	1	1	1	1	1
ORTHOMCL5614	1	1	1	1	1	1	1	1	1	1	1	1	1	1	1	1	1	1	1	1	1
ORTHOMCL5622	1	1	1	1	1	1	1	1	1	1	1	1	1	1	1	1	1	1	1	1	1
ORTHOMCL5632	1	1	1	1	1	1	1	1	1	2	1	1	1	1	1	0	1	1	1	1	1
ORTHOMCL5634	1	1	1	1	1	1	1	1	1	1	1	1	1	1	1	1	1	1	1	1	1
ORTHOMCL5637	1	1	1	1	1	1	1	1	1	1	1	1	1	1	1	1	1	1	1	1	1
ORTHOMCL5641	1	1	1	1	1	1	1	1	1	1	1	1	1	1	1	1	1	1	1	1	1
ORTHOMCL5652	1	1	1	1	1	1	1	1	1	1	1	1	1	1	1	1	1	1	1	1	1
ORTHOMCL5653	1	1	1	1	1	1	1	1	1	1	1	1	1	1	1	1	1	1	1	1	1
ORTHOMCL5662	1	1	1	1	1	1	1	1	1	1	1	1	1	1	1	1	1	1	1	1	1
ORTHOMCL5663	1	1	1	1	1	1	1	1	1	1	1	1	1	1	1	1	1	1	1	1	1
ORTHOMCL5664	1	1	1	1	1	1	1	1	1	1	1	1	1	1	1	1	1	1	1	1	1
ORTHOMCL5673	1	1	1	1	1	1	1	1	1	1	1	1	1	1	1	1	1	1	1	1	1
ORTHOMCL5675	1	1	1	1	1	1	1	1	1	1	1	1	1	1	1	1	1	1	1	1	1
ORTHOMCL5681	1	1	1	1	1	1	1	1	1	1	1	1	1	1	1	1	1	1	1	1	1
ORTHOMCL5687	1	1	1	1	1	1	1	1	1	1	1	1	1	1	1	1	1	1	1	1	1
ORTHOMCL5690	1	1	1	1	1	1	1	1	1	1	1	1	1	1	1	1	1	1	1	1	1
ORTHOMCL5696	1	1	1	1	1	1	1	1	1	1	1	1	1	1	1	1	1	1	1	1	1
ORTHOMCL5698	1	1	1	1	1	1	1	1	1	1	1	1	1	1	1	1	1	1	1	1	1
ORTHOMCL5727	1	1	1	1	1	1	1	1	1	1	1	1	1	1	1	1	1	1	1	1	1
ORTHOMCL5759	0	1	1	1	1	1	1	1	1	2	1	1	1	1	1	1	1	1	1	1	1
ORTHOMCL5771	1	1	1	1	1	1	1	1	1	1	1	1	1	1	1	1	1	1	1	1	1
ORTHOMCL5776	1	1	1	1	1	1	1	1	1	1	1	1	1	1	1	1	1	1	1	1	1
ORTHOMCL5785	1	1	1	1	1	1	1	1	1	1	1	1	1	1	1	1	1	1	1	1	1
ORTHOMCL5787	1	1	1	1	1	1	1	1	1	1	1	1	1	1	1	1	1	1	1	1	1
ORTHOMCL5809	1	1	1	1	1	1	1	1	1	1	1	1	1	1	1	1	1	1	1	1	1
ORTHOMCL5815	1	1	1	1	1	1	1	1	1	1	1	1	1	1	1	1	1	1	1	1	1
ORTHOMCL5822	1	1	1	1	1	1	1	1	1	1	1	1	1	1	1	1	1	1	1	1	1
ORTHOMCL5835	1	1	1	1	1	1	1	1	1	1	1	1	1	1	1	1	1	1	1	1	1
ORTHOMCL5846	1	1	1	1	1	1	1	1	1	1	1	1	1	1	1	1	1	1	1	1	1
ORTHOMCL5851	1	1	1	1	1	1	1	1	1	1	1	1	1	1	1	1	1	1	1	1	1
ORTHOMCL5852	1	1	1	1	1	1	1	1	1	1	1	1	1	1	1	1	1	1	1	1	1
ORTHOMCL5853	1	1	1	1	1	1	1	1	1	1	1	1	1	1	1	1	1	1	1	1	1
ORTHOMCL5863	1	1	1	1	1	1	1	1	1	1	1	1	1	1	1	1	1	1	1	1	1
ORTHOMCL5872	1	1	1	1	1	1	1	1	1	1	1	1	1	1	1	1	1	1	1	1	1
ORTHOMCL5877	1	1	1	1	1	1	1	1	1	1	1	1	1	1	1	1	1	1	1	1	1
ORTHOMCL5879	1	1	1	1	1	1	1	1	1	1	1	1	1	1	1	1	1	1	1	1	1
ORTHOMCL5881	1	1	1	1	1	1	1	1	1	1	1	1	1	1	1	1	1	1	1	1	1
ORTHOMCL5890	1	1	1	1	1	1	1	1	1	1	1	1	1	1	1	1	1	1	1	1	1
ORTHOMCL5893	1	1	1	1	1	1	1	1	1	1	1	1	1	1	1	1	1	1	1	1	1
ORTHOMCL5898	1	1	1	1	1	1	1	1	1	1	1	1	1	1	1	1	1	1	1	1	1
ORTHOMCL5929	1	1	1	1	1	1	1	1	1	1	1	1	1	1	1	1	1	1	1	1	1
ORTHOMCL5932	1	1	1	2	1	0	1	1	1	1	1	1	1	1	1	1	1	1	1	1	1
ORTHOMCL5938	1	1	1	1	1	1	1	1	1	1	1	1	1	1	1	1	1	1	1	1	1
ORTHOMCL5960	1	1	1	1	1	1	1	1	1	1	1	1	1	1	1	1	1	1	1	1	1
ORTHOMCL5982	1	1	1	1	1	1	1	1	1	1	1	1	1	1	1	1	1	1	1	1	1
ORTHOMCL5993	1	1	1	1	1	1	1	1	1	1	1	1	1	1	1	1	1	1	1	1	1
ORTHOMCL5998	1	1	1	1	1	1	1	1	1	1	1	1	1	1	1	1	1	1	1	1	1
ORTHOMCL6007	1	1	1	1	1	1	1	1	1	1	1	1	1	1	1	1	1	1	1	1	1
ORTHOMCL6019	1	1	1	1	1	1	1	1	1	1	1	1	1	1	1	1	1	1	1	1	1
ORTHOMCL6026	1	1	1	1	1	1	1	1	1	1	1	1	1	1	1	1	1	1	1	1	1
ORTHOMCL6032	1	1	1	1	1	1	1	1	1	1	1	1	1	1	1	1	1	1	1	1	1
ORTHOMCL6041	1	1	1	1	1	1	1	1	1	1	1	1	1	1	1	1	1	1	1	1	1
ORTHOMCL6043	1	1	1	1	1	1	1	1	1	1	1	1	1	1	1	1	1	1	1	1	1
ORTHOMCL6046	1	1	1	1	1	1	1	1	1	1	1	1	1	1	1	1	1	1	1	1	1
ORTHOMCL6048	1	1	1	1	1	1	1	1	1	1	1	1	1	1	1	1	1	1	1	1	1
ORTHOMCL6054	1	1	1	1	1	1	1	1	1	1	1	1	1	1	1	1	1	1	1	1	1
ORTHOMCL6088	1	1	1	1	1	1	1	1	1	1	1	1	1	1	1	1	1	1	1	1	1
ORTHOMCL6089	1	1	1	1	1	1	1	1	1	1	1	1	1	1	1	1	1	1	1	1	1
ORTHOMCL6096	1	1	1	1	1	1	1	1	1	1	1	1	1	1	1	1	1	1	1	1	1
ORTHOMCL6099	1	1	1	1	1	1	1	1	1	1	1	1	1	1	1	1	1	1	1	1	1
ORTHOMCL6110	1	1	1	1	1	1	1	1	1	1	1	1	1	1	1	1	1	1	1	1	1
ORTHOMCL6118	1	1	1	1	1	1	1	1	1	1	1	1	1	1	1	1	1	1	1	1	1
ORTHOMCL6121	1	1	1	1	1	1	1	1	1	1	1	1	1	1	1	1	1	1	1	1	1
ORTHOMCL6122	1	1	1	1	1	1	1	1	1	1	1	1	1	1	1	1	1	1	1	1	1
ORTHOMCL6128	1	1	1	1	1	1	1	1	1	1	1	1	1	1	1	1	1	1	1	1	1
ORTHOMCL6130	1	1	1	1	1	1	1	1	1	1	1	1	1	1	1	1	1	1	1	1	1
ORTHOMCL6132	1	1	1	1	1	1	1	1	1	1	1	1	1	1	1	1	1	1	1	1	1
ORTHOMCL6152	1	1	1	1	1	1	1	1	1	1	1	1	1	1	1	1	1	1	1	1	1
ORTHOMCL6164	1	1	1	1	1	1	1	1	1	1	1	1	1	1	1	1	1	1	1	1	1
ORTHOMCL6178	1	1	1	1	1	1	1	1	1	1	1	1	1	1	1	1	1	1	1	1	1
ORTHOMCL6188	1	1	1	1	1	1	1	1	1	1	1	1	1	1	1	1	1	1	1	1	1
ORTHOMCL6193	1	1	1	1	1	1	1	1	1	1	1	1	1	1	1	1	1	1	1	1	1
ORTHOMCL6210	1	1	1	1	1	1	1	1	1	1	1	1	1	1	1	1	1	1	1	1	1
ORTHOMCL6211	1	1	1	1	1	1	1	1	1	1	1	1	1	1	1	1	1	1	1	1	1
ORTHOMCL6213	1	1	1	1	1	1	1	1	1	1	1	1	1	1	1	1	1	1	1	1	1
ORTHOMCL6217	1	1	1	1	1	1	1	1	1	1	1	1	1	1	1	1	1	1	1	1	1
ORTHOMCL6226	1	1	1	1	1	1	1	1	1	1	1	1	1	0	1	1	2	1	1	1	1
ORTHOMCL6234	1	1	1	1	1	1	1	1	1	1	1	1	1	1	1	1	1	1	1	1	1
ORTHOMCL6241	1	1	1	1	1	1	1	1	1	1	1	1	1	1	1	1	1	1	1	1	1
ORTHOMCL6247	1	1	1	1	1	1	1	1	1	1	1	1	1	1	1	1	1	1	1	1	1
ORTHOMCL6248	1	1	1	1	1	1	1	1	1	1	1	1	1	0	1	2	1	1	1	1	1
ORTHOMCL6255	1	1	1	1	1	1	1	1	1	1	1	1	1	1	1	1	1	1	1	1	1
ORTHOMCL6264	1	1	1	1	1	1	1	1	1	1	1	1	1	1	1	1	1	1	1	1	1
ORTHOMCL6265	1	1	1	1	1	1	1	1	1	1	1	1	1	1	1	1	1	1	1	1	1
ORTHOMCL6288	1	1	1	1	1	1	1	1	1	1	1	1	0	1	1	2	1	1	1	1	1
ORTHOMCL6292	1	1	1	1	1	1	1	1	1	1	1	1	1	1	1	1	1	1	1	1	1
ORTHOMCL6293	1	1	1	1	1	1	1	1	1	1	1	1	1	1	1	1	1	1	1	1	1
ORTHOMCL6295	1	1	1	1	1	1	1	1	1	1	1	1	1	1	1	1	1	1	1	1	1
ORTHOMCL6310	1	1	1	1	1	1	1	1	1	1	1	1	1	1	1	1	1	1	1	1	1
ORTHOMCL6330	1	1	1	1	1	1	1	1	1	1	1	1	1	1	1	1	1	1	1	1	1
ORTHOMCL6334	1	1	1	1	1	1	1	1	1	1	1	1	1	1	1	1	1	1	1	1	1
ORTHOMCL6335	1	1	1	1	1	1	1	1	1	1	1	1	1	1	1	1	1	1	1	1	1
ORTHOMCL6337	1	1	1	1	1	1	1	1	1	1	1	1	1	1	1	1	1	1	1	1	1
ORTHOMCL6372	1	1	1	1	1	1	1	1	1	1	1	1	1	1	1	1	1	1	1	1	1
ORTHOMCL6375	1	1	1	1	1	1	1	1	1	1	1	1	1	1	1	1	1	1	1	1	1
ORTHOMCL6387	1	1	1	1	1	1	1	1	1	1	1	1	1	1	1	1	1	1	1	1	1
ORTHOMCL6394	1	1	1	2	1	1	1	1	1	1	1	0	1	1	1	1	1	1	1	1	1
ORTHOMCL6398	1	1	1	1	1	1	1	1	1	1	1	1	1	1	1	1	1	1	1	1	1
ORTHOMCL6404	1	1	1	1	1	1	1	1	1	1	1	1	1	1	1	1	1	1	1	1	1
ORTHOMCL6406	1	1	1	1	1	1	1	1	1	1	1	1	1	1	1	1	1	1	1	1	1
ORTHOMCL6407	1	1	1	1	1	1	1	1	1	1	1	1	1	1	1	1	1	1	1	1	1
ORTHOMCL6412	1	1	1	1	1	1	1	1	1	1	1	1	1	1	1	1	1	1	1	1	1
ORTHOMCL6413	1	1	1	1	1	1	1	1	1	1	1	1	1	1	1	1	1	1	1	1	1
ORTHOMCL6422	1	1	1	1	1	1	1	1	1	1	1	1	1	1	1	1	1	1	1	1	1
ORTHOMCL6423	1	1	1	1	1	1	1	1	1	1	1	1	1	1	1	1	1	1	1	1	1
ORTHOMCL6433	1	1	1	1	1	0	1	1	1	1	1	1	1	1	1	1	2	1	1	1	1
ORTHOMCL6442	1	1	1	1	1	1	1	1	1	1	1	1	1	1	1	1	1	1	1	1	1
ORTHOMCL6448	1	1	1	1	1	1	1	1	1	1	1	1	1	1	1	1	1	1	1	1	1
ORTHOMCL6457	1	1	1	1	1	1	1	1	1	1	1	1	1	1	1	1	1	1	1	1	1
ORTHOMCL6464	1	1	1	1	1	1	1	1	1	1	1	1	1	1	1	1	1	1	1	1	1
ORTHOMCL6465	1	1	1	1	1	1	1	1	1	1	1	1	1	1	1	1	1	1	1	1	1
ORTHOMCL6467	1	1	1	1	1	1	1	1	1	1	1	1	1	1	1	1	1	1	1	1	1
ORTHOMCL6477	1	1	1	1	1	1	1	1	1	1	1	1	1	1	1	1	1	1	1	1	1
ORTHOMCL6489	1	1	1	1	1	1	1	1	1	1	1	1	1	1	1	1	1	1	1	1	1
ORTHOMCL6509	1	1	1	1	1	1	1	1	1	1	1	1	1	1	1	1	1	1	1	1	1
ORTHOMCL6518	1	1	1	1	1	1	1	1	1	1	1	1	1	1	1	1	1	1	1	1	1
ORTHOMCL6531	1	1	1	1	1	1	1	1	1	1	1	1	1	1	1	1	1	1	1	1	1
ORTHOMCL6537	1	1	1	1	1	1	1	1	1	1	1	1	1	1	1	1	1	1	1	1	1
ORTHOMCL6545	1	1	1	1	1	1	1	1	1	1	1	1	1	1	1	1	1	1	1	1	1
ORTHOMCL6551	1	1	1	1	1	1	1	1	1	1	1	1	1	1	1	1	1	1	1	1	1
ORTHOMCL6556	1	1	1	1	1	1	1	1	1	1	1	1	1	1	1	1	1	1	1	1	1
ORTHOMCL6567	1	1	1	2	1	0	1	1	1	1	1	1	1	1	1	1	1	1	1	1	1
ORTHOMCL6569	1	1	1	1	1	1	1	1	1	1	1	1	1	1	1	1	1	1	1	1	1
ORTHOMCL6571	1	1	1	1	1	1	1	1	1	1	1	1	1	1	1	1	1	1	1	1	1
ORTHOMCL6572	1	1	1	1	1	1	1	1	1	1	1	1	1	1	1	1	1	1	1	1	1
ORTHOMCL6575	1	1	1	1	1	1	1	1	1	1	1	1	1	1	1	1	1	1	1	1	1
ORTHOMCL6585	1	1	1	1	1	1	1	1	1	1	1	1	1	1	1	1	1	1	1	1	1
ORTHOMCL6597	1	1	1	1	1	1	1	1	1	1	1	1	1	1	1	1	1	1	1	1	1
ORTHOMCL6603	1	1	1	1	1	1	1	1	1	1	1	1	1	1	1	1	1	1	1	1	1
ORTHOMCL6604	1	1	1	1	1	1	1	1	1	1	1	1	1	1	1	1	1	1	1	1	1
ORTHOMCL6608	1	1	1	1	1	1	1	1	1	1	1	1	1	1	1	1	1	1	1	1	1
ORTHOMCL6610	1	1	1	1	1	1	1	1	1	1	1	1	1	1	1	1	1	1	1	1	1
ORTHOMCL6611	1	1	1	1	1	1	1	1	1	1	1	1	1	1	1	1	1	1	1	1	1
ORTHOMCL6616	1	1	1	1	1	1	1	1	1	1	1	1	1	1	1	1	1	1	1	1	1
ORTHOMCL6640	1	1	1	1	1	1	1	1	1	1	1	1	1	1	1	1	1	1	1	1	1
ORTHOMCL6643	1	1	1	1	1	1	1	1	1	1	1	1	1	1	1	1	1	1	1	1	1
ORTHOMCL6653	1	1	1	1	1	1	1	1	1	1	1	1	1	1	1	1	1	1	1	1	1
ORTHOMCL6654	1	1	1	1	1	1	1	1	1	1	1	1	1	1	1	1	1	1	1	1	1
ORTHOMCL6659	1	1	1	1	1	1	1	1	1	1	1	1	1	1	1	1	1	1	1	1	1
ORTHOMCL6667	1	1	1	1	1	1	1	1	1	1	1	1	1	1	1	1	1	1	1	1	1
ORTHOMCL6673	1	1	1	1	1	1	1	1	1	1	1	1	1	1	1	1	1	1	1	1	1
ORTHOMCL6681	1	1	1	1	1	1	1	1	1	1	1	1	1	1	1	1	1	1	1	1	1
ORTHOMCL6690	1	1	1	1	1	1	1	1	1	1	1	1	1	1	1	1	1	1	1	1	1
ORTHOMCL6695	1	1	1	1	1	1	1	1	1	1	1	1	1	1	1	1	1	1	1	1	1
ORTHOMCL6718	1	1	1	1	1	1	1	1	1	0	1	2	1	1	1	1	1	1	1	1	1
ORTHOMCL6719	1	1	1	1	1	1	1	1	1	1	1	1	1	1	1	1	1	1	1	1	1
ORTHOMCL6727	1	1	1	1	1	1	1	1	1	1	1	1	1	1	1	1	1	1	1	1	1
ORTHOMCL6728	1	1	1	1	1	1	1	1	1	1	1	1	1	1	1	1	1	1	1	1	1
ORTHOMCL6731	1	1	1	1	1	1	1	1	1	1	1	1	1	1	1	1	1	1	1	1	1
ORTHOMCL6733	1	1	1	1	1	1	1	1	1	1	1	1	1	1	1	1	1	1	1	1	1
ORTHOMCL6744	1	1	1	1	1	1	1	1	1	1	1	1	1	1	1	1	1	1	1	1	1
ORTHOMCL6757	1	1	1	1	1	1	1	1	1	1	1	1	1	1	1	1	1	1	1	1	1
ORTHOMCL6772	1	1	1	1	1	1	1	1	1	1	1	1	1	1	1	1	1	1	1	1	1
ORTHOMCL6778	1	1	1	1	1	1	1	1	1	1	1	1	1	1	1	1	1	1	1	1	1
ORTHOMCL6791	1	1	1	1	1	1	1	1	1	1	1	1	1	1	1	1	1	1	1	1	1
ORTHOMCL6793	1	1	1	1	1	1	1	1	1	1	1	1	1	1	1	1	1	1	1	1	1
ORTHOMCL6794	1	1	1	1	1	1	1	1	1	1	1	1	1	1	1	1	1	1	1	1	1
ORTHOMCL6797	1	1	1	1	1	1	1	1	1	1	1	0	1	1	1	1	2	1	1	1	1
ORTHOMCL6799	1	1	1	1	1	1	1	1	1	1	1	1	1	1	1	1	1	1	1	1	1
ORTHOMCL6801	1	1	1	1	1	1	1	1	1	1	1	1	1	1	1	1	1	1	1	1	1
ORTHOMCL6804	1	1	1	1	1	1	1	1	1	1	1	1	1	1	1	1	1	1	1	1	1
ORTHOMCL6805	1	1	1	1	1	1	1	1	1	1	1	1	1	1	1	1	1	1	1	1	1
ORTHOMCL6810	1	1	1	1	1	1	1	1	1	1	1	1	1	1	1	1	1	1	1	1	1
ORTHOMCL6815	1	1	1	1	1	1	1	1	1	1	1	1	1	1	1	1	1	1	1	1	1
ORTHOMCL6819	1	1	1	1	1	1	1	1	1	1	1	1	1	1	1	1	1	1	1	1	1
ORTHOMCL6822	1	1	1	1	1	1	1	1	1	1	1	1	1	1	1	1	1	1	1	1	1
ORTHOMCL6827	1	1	1	1	1	1	1	1	1	1	1	1	1	1	1	1	1	1	1	1	1
ORTHOMCL6829	1	1	1	1	1	1	1	1	1	1	1	0	1	1	1	1	2	1	1	1	1
ORTHOMCL6830	1	1	1	1	1	1	1	1	1	1	1	1	1	1	1	1	1	1	1	1	1
ORTHOMCL6852	1	1	1	1	1	1	1	1	1	1	1	1	0	1	1	1	2	1	1	1	1
ORTHOMCL6856	1	1	1	1	1	1	1	1	1	1	1	1	1	1	1	1	1	1	1	1	1
ORTHOMCL6858	1	1	1	1	1	1	1	1	1	1	1	1	1	1	1	1	1	1	1	1	1
ORTHOMCL6869	1	1	1	1	1	1	1	1	1	1	1	1	1	1	1	1	1	1	1	1	1
ORTHOMCL6891	1	1	1	1	1	1	1	1	1	1	1	1	1	1	1	1	1	1	1	1	1
ORTHOMCL6892	1	1	1	1	1	1	1	1	1	1	1	1	1	1	1	1	1	1	1	1	1
ORTHOMCL6893	1	1	1	1	1	1	1	1	1	1	1	1	1	1	1	1	1	1	1	1	1
ORTHOMCL6900	1	1	1	1	1	1	1	1	1	1	1	1	1	1	1	1	1	1	1	1	1
ORTHOMCL6901	1	1	1	1	1	1	1	1	1	1	1	1	1	1	1	1	1	1	1	1	1
ORTHOMCL6910	1	1	1	1	1	1	1	1	1	1	1	1	1	1	1	1	1	1	1	1	1
ORTHOMCL6912	1	1	1	1	1	1	1	1	1	1	1	1	1	1	1	1	1	1	1	1	1
ORTHOMCL6915	1	1	1	1	1	1	1	1	1	1	1	1	1	1	1	1	1	1	1	1	1
ORTHOMCL6916	1	1	1	1	1	1	1	1	1	1	1	1	1	1	1	1	1	1	1	1	1
ORTHOMCL6918	1	1	1	1	1	1	1	1	1	1	1	1	1	1	1	1	1	1	1	1	1
ORTHOMCL6919	1	1	1	1	1	1	1	1	1	1	1	1	1	1	1	1	1	1	1	1	1
ORTHOMCL6930	1	1	1	1	1	1	1	1	1	1	1	1	1	1	1	1	1	1	1	1	1
ORTHOMCL6938	1	1	1	1	1	1	1	1	1	1	1	1	1	1	1	1	1	1	1	1	1
ORTHOMCL6948	1	1	1	1	1	1	1	1	1	1	1	1	1	1	1	1	1	1	1	1	1
ORTHOMCL6961	1	1	1	1	1	1	1	1	1	1	1	1	1	1	1	1	1	1	1	1	1
ORTHOMCL6968	1	1	1	1	1	1	1	1	1	1	1	1	1	1	1	1	1	1	1	1	1
ORTHOMCL6972	1	1	1	1	1	1	1	1	1	1	1	1	1	1	1	1	1	1	1	1	1
ORTHOMCL6978	1	1	1	1	1	1	1	1	1	1	1	1	0	1	1	1	2	1	1	1	1
ORTHOMCL6979	1	1	1	1	1	1	1	1	1	1	1	1	1	1	1	1	1	1	1	1	1
ORTHOMCL6980	1	1	1	1	1	1	1	1	1	1	1	1	1	1	1	1	1	1	1	1	1
ORTHOMCL6988	1	1	1	1	1	1	1	1	1	1	1	1	1	1	1	1	1	1	1	1	1
ORTHOMCL6998	1	1	1	1	1	1	1	1	1	1	1	1	1	1	1	1	1	1	1	1	1
ORTHOMCL7001	1	1	1	1	1	1	1	1	1	1	1	1	1	1	1	1	1	1	1	1	1
ORTHOMCL7005	1	1	1	1	1	1	1	1	1	1	1	1	1	1	1	1	1	1	1	1	1
ORTHOMCL7021	1	1	1	1	1	1	1	1	1	1	1	1	1	1	1	1	1	1	1	1	1
ORTHOMCL7022	1	1	1	1	1	1	1	1	1	1	1	1	1	1	1	1	1	1	1	1	1
ORTHOMCL7029	1	1	1	1	1	1	1	1	1	1	1	1	1	1	1	1	1	1	1	1	1
ORTHOMCL7033	1	1	1	1	1	1	1	1	1	1	1	1	1	1	1	1	1	1	1	1	1
ORTHOMCL7035	1	1	1	1	1	1	1	1	1	1	1	1	1	1	1	1	1	1	1	1	1
ORTHOMCL7043	1	1	1	1	1	1	1	1	1	1	1	1	1	1	1	1	1	1	1	1	1
ORTHOMCL7062	1	1	1	1	1	1	1	1	1	1	1	1	1	1	1	1	1	1	1	1	1
ORTHOMCL7063	1	1	1	1	1	1	1	1	1	1	1	1	1	1	1	1	1	1	1	1	1
ORTHOMCL7068	1	1	1	1	1	1	1	1	1	1	1	1	1	1	1	1	1	1	1	1	1
ORTHOMCL7072	1	1	1	1	1	1	1	1	1	1	1	1	1	1	1	1	1	1	1	1	1
ORTHOMCL7085	1	1	1	1	1	1	1	1	1	1	1	1	1	1	1	1	1	1	1	1	1
ORTHOMCL7092	1	1	1	1	1	1	1	1	1	1	1	1	1	1	1	1	1	1	1	1	1
ORTHOMCL7097	1	1	1	1	1	1	1	1	1	1	1	1	1	1	1	1	1	1	1	1	1
ORTHOMCL7100	1	1	1	1	1	1	1	1	1	1	1	1	1	1	1	1	1	1	1	1	1
ORTHOMCL7106	1	1	1	1	1	1	1	1	1	1	1	1	0	1	1	2	1	1	1	1	1
ORTHOMCL7118	1	1	1	1	1	1	1	1	1	1	1	1	1	1	1	1	1	1	1	1	1
ORTHOMCL7129	1	1	1	1	1	1	1	1	1	1	1	1	1	1	1	1	1	1	1	1	1
ORTHOMCL7130	1	1	1	1	1	1	1	1	1	1	1	1	1	1	1	1	1	1	1	1	1
ORTHOMCL7134	1	1	1	1	1	1	1	1	1	1	1	1	1	1	1	1	1	1	1	1	1
ORTHOMCL7136	1	1	1	1	1	1	1	1	1	1	1	1	1	1	1	1	1	1	1	1	1
ORTHOMCL7145	1	1	1	1	1	1	1	1	1	1	1	1	1	1	1	1	1	1	1	1	1
ORTHOMCL7157	1	1	1	1	1	1	1	1	1	1	1	1	1	1	1	1	1	1	1	1	1
ORTHOMCL7163	1	1	1	1	1	1	1	1	1	1	1	1	1	1	1	1	1	1	1	1	1
ORTHOMCL7179	1	1	1	1	1	1	1	1	1	1	1	1	1	1	1	1	1	1	1	1	1
ORTHOMCL7186	1	1	1	1	1	1	1	1	1	1	1	1	1	1	1	1	1	1	1	1	1
ORTHOMCL7187	1	1	1	1	1	1	1	1	1	1	1	1	1	1	1	1	1	1	1	1	1
ORTHOMCL7189	1	1	1	1	1	1	1	1	1	1	1	1	1	1	1	1	1	1	1	1	1
ORTHOMCL7195	1	1	1	1	1	1	1	1	1	1	1	1	1	1	1	1	1	1	1	1	1
ORTHOMCL7209	1	1	1	1	1	1	1	1	1	1	1	1	1	1	1	1	1	1	1	1	1
ORTHOMCL7234	1	1	1	1	1	1	1	1	1	1	1	1	1	1	1	1	1	1	1	1	1
ORTHOMCL7236	1	1	1	1	1	1	1	1	1	1	1	1	1	1	1	1	1	1	1	1	1
ORTHOMCL7239	1	1	1	1	1	1	1	1	1	1	1	1	1	1	1	1	1	1	1	1	1
ORTHOMCL7243	1	1	1	1	1	1	1	1	1	0	1	1	1	1	1	1	2	1	1	1	1
ORTHOMCL7256	1	1	1	1	1	1	1	1	1	1	1	1	1	1	1	1	1	1	1	1	1
ORTHOMCL7265	1	1	1	1	1	1	1	1	1	1	1	1	1	1	1	1	1	1	1	1	1
ORTHOMCL7267	1	1	1	1	1	1	1	1	1	1	1	1	2	0	1	1	1	1	1	1	1
ORTHOMCL7269	1	1	1	1	1	1	1	1	1	1	1	1	1	1	1	1	1	1	1	1	1
ORTHOMCL7271	1	1	1	1	1	1	1	1	1	1	1	1	1	1	1	1	1	1	1	1	1
ORTHOMCL7279	1	1	1	1	1	1	1	1	1	1	1	1	1	1	1	1	1	1	1	1	1
ORTHOMCL7286	1	1	1	1	1	1	1	1	1	1	1	1	1	1	1	1	1	1	1	1	1
ORTHOMCL7291	1	1	1	1	1	1	1	1	1	1	1	1	1	1	1	1	1	1	1	1	1
ORTHOMCL7293	1	1	1	1	1	1	1	1	1	1	1	1	1	2	1	1	0	1	1	1	1
ORTHOMCL7294	1	1	1	1	1	1	1	1	1	1	1	1	1	1	1	1	1	1	1	1	1
ORTHOMCL7299	1	1	1	1	1	1	1	1	1	1	1	1	1	1	1	1	1	1	1	1	1
ORTHOMCL7306	1	1	1	1	1	1	1	1	1	1	1	1	1	1	1	1	1	1	1	1	1
ORTHOMCL7313	1	1	1	1	1	1	1	1	1	1	1	1	1	1	1	1	1	1	1	1	1
ORTHOMCL7317	1	1	1	1	1	1	1	1	1	1	1	1	1	1	1	1	1	1	1	1	1
ORTHOMCL7325	1	1	1	1	1	1	1	1	1	1	1	1	1	1	1	1	1	1	1	1	1
ORTHOMCL7327	1	1	1	1	1	1	1	1	1	1	1	1	1	1	1	1	1	1	1	1	1
ORTHOMCL7336	1	1	1	1	1	1	1	1	1	1	1	1	1	1	1	1	1	1	1	1	1
ORTHOMCL7337	1	1	1	1	1	1	1	1	1	1	1	1	1	1	1	1	1	1	1	1	1
ORTHOMCL7349	1	1	1	1	1	1	1	1	1	1	1	1	1	1	1	1	1	1	1	1	1
ORTHOMCL7361	1	1	1	1	1	1	1	1	1	1	1	1	1	1	1	1	1	1	1	1	1
ORTHOMCL7381	1	1	1	1	1	1	1	1	1	1	1	1	1	1	1	1	1	1	1	1	1
ORTHOMCL7385	1	1	1	1	1	1	1	1	1	1	1	1	1	1	1	1	1	1	1	1	1
ORTHOMCL7394	1	1	1	1	1	1	1	1	1	1	1	1	1	1	1	1	1	1	1	1	1
ORTHOMCL7399	1	1	1	1	1	1	1	1	1	1	1	1	1	1	1	1	1	1	1	1	1
ORTHOMCL7404	1	1	1	1	1	1	1	1	1	1	1	1	1	1	1	1	1	1	1	1	1
ORTHOMCL7421	1	1	1	1	1	1	1	1	1	1	1	1	1	1	1	1	1	1	1	1	1
ORTHOMCL7423	1	1	1	1	1	1	1	1	1	1	1	1	1	1	1	1	1	1	1	1	1
ORTHOMCL7425	1	1	1	1	1	1	1	1	1	1	1	1	1	1	1	1	1	1	1	1	1
ORTHOMCL7430	1	1	1	1	1	1	1	1	1	1	1	1	1	1	1	1	1	1	1	1	1
ORTHOMCL7431	1	1	1	1	1	1	1	1	1	1	1	1	1	1	1	1	1	1	1	1	1
ORTHOMCL7432	1	1	1	1	1	1	1	1	1	1	1	1	1	1	1	1	1	1	1	1	1
ORTHOMCL7434	1	1	1	1	1	1	1	1	1	1	1	1	1	1	1	1	1	1	1	1	1
ORTHOMCL7440	1	1	1	1	1	1	1	1	1	1	1	1	1	1	1	1	1	1	1	1	1
ORTHOMCL7442	1	1	1	1	1	1	1	1	1	1	1	1	1	1	1	1	1	1	1	1	1
ORTHOMCL7444	1	1	1	1	1	1	1	1	1	1	1	1	1	1	1	1	1	1	1	1	1
ORTHOMCL7447	1	1	1	1	1	1	1	1	1	1	1	1	1	1	1	1	1	1	1	1	1
ORTHOMCL7460	1	1	1	1	1	1	1	1	1	1	1	1	1	1	1	1	1	1	1	1	1
ORTHOMCL7467	1	1	1	1	1	1	1	1	1	1	1	1	1	1	1	1	1	1	1	1	1
ORTHOMCL7484	1	1	1	1	1	1	1	1	1	1	1	1	1	1	1	1	1	1	1	1	1
ORTHOMCL7485	1	1	1	1	1	1	1	1	1	1	1	1	1	1	1	1	1	1	1	1	1
ORTHOMCL7492	1	1	1	1	1	1	1	1	1	1	1	1	1	1	1	1	1	1	1	1	1
ORTHOMCL7498	1	1	1	1	1	1	1	1	1	1	1	1	1	1	1	1	1	1	1	1	1
ORTHOMCL7502	1	1	1	1	1	1	1	1	1	1	1	1	1	1	1	1	1	1	1	1	1
ORTHOMCL7503	1	1	1	1	1	1	1	1	1	1	1	1	1	1	1	1	1	1	1	1	1
ORTHOMCL7523	1	1	1	1	1	1	1	1	1	1	1	1	1	1	1	1	1	1	1	1	1
ORTHOMCL7534	1	1	1	1	1	1	1	1	1	1	1	1	1	1	1	1	1	1	1	1	1
ORTHOMCL7539	1	1	1	1	1	1	1	1	1	1	1	1	1	1	1	1	1	1	1	1	1
ORTHOMCL7541	1	1	1	1	1	1	1	1	1	1	1	1	1	1	1	1	1	1	1	1	1
ORTHOMCL7544	1	1	1	1	1	1	1	1	1	1	1	1	1	1	1	1	1	1	1	1	1
ORTHOMCL7557	1	1	1	1	1	1	1	1	1	1	1	1	1	1	1	1	1	1	1	1	1
ORTHOMCL7559	1	1	1	1	1	1	1	1	1	1	1	1	1	1	1	1	1	1	1	1	1
ORTHOMCL7564	1	1	1	1	1	1	1	1	1	1	1	1	1	1	1	2	0	1	1	1	1
ORTHOMCL7567	1	1	1	1	1	1	1	1	1	1	1	1	1	1	1	1	1	1	1	1	1
ORTHOMCL7575	1	1	1	1	1	1	1	1	1	1	1	1	1	1	1	1	1	1	1	1	1
ORTHOMCL7579	1	1	1	1	1	1	1	1	1	1	1	1	1	1	1	1	1	1	1	1	1
ORTHOMCL7582	1	1	1	1	1	1	1	1	1	1	1	1	1	1	1	1	1	1	1	1	1
ORTHOMCL7584	1	1	1	1	1	1	1	1	1	1	1	1	1	1	1	1	1	1	1	1	1
ORTHOMCL7587	1	1	1	1	1	1	1	1	1	1	1	1	1	1	1	1	1	1	1	1	1
ORTHOMCL7596	1	1	1	1	1	1	1	1	1	1	1	1	1	1	1	1	1	1	1	1	1
ORTHOMCL7613	1	1	1	1	1	1	1	1	1	1	1	1	1	1	1	1	1	1	1	1	1
ORTHOMCL7618	1	1	1	1	1	1	1	1	1	1	1	1	1	1	1	1	1	1	1	1	1
ORTHOMCL7627	1	1	1	1	1	1	1	1	1	1	1	1	1	1	1	1	1	1	1	1	1
ORTHOMCL7636	1	1	1	1	1	1	1	1	1	1	1	1	1	1	1	1	1	1	1	1	1
ORTHOMCL7659	1	1	1	1	1	1	1	1	1	1	1	1	1	1	1	1	1	1	1	1	1
ORTHOMCL7665	1	1	1	1	1	1	1	1	1	1	1	1	1	1	1	1	1	1	1	1	1
ORTHOMCL7668	1	1	1	1	1	1	1	1	1	1	1	1	1	1	1	1	1	1	1	1	1
ORTHOMCL7676	1	1	1	1	1	1	1	1	1	1	1	1	1	1	1	1	1	1	1	1	1
ORTHOMCL7677	1	1	1	1	1	1	1	1	1	1	1	1	1	1	1	1	1	1	1	1	1
ORTHOMCL7682	1	1	1	1	1	1	1	1	1	1	1	1	1	1	1	1	1	1	1	1	1
ORTHOMCL7699	1	1	1	1	1	1	1	1	1	1	1	1	1	1	1	1	1	1	1	1	1
ORTHOMCL7732	1	1	1	1	1	1	1	1	1	1	1	1	1	1	1	1	1	1	1	1	1
ORTHOMCL7735	1	1	1	1	1	1	1	1	1	1	1	1	1	1	1	1	1	1	1	1	1
ORTHOMCL7737	1	1	1	1	1	1	1	1	1	1	1	1	1	2	1	0	1	1	1	1	1
ORTHOMCL7741	1	1	1	1	1	1	1	1	1	1	1	1	1	1	1	1	1	1	1	1	1
ORTHOMCL7742	1	1	1	1	1	1	1	1	1	1	1	1	1	1	1	1	1	1	1	1	1
ORTHOMCL7757	1	1	1	1	1	1	1	1	1	1	1	1	1	1	1	1	1	1	1	1	1
ORTHOMCL7763	1	1	1	1	1	1	1	1	1	1	1	1	1	1	1	1	1	1	1	1	1
ORTHOMCL7775	1	1	1	1	1	1	1	1	1	1	1	1	1	1	1	1	1	1	1	1	1
ORTHOMCL7786	1	1	1	1	1	1	1	1	1	1	1	1	1	1	1	1	1	1	1	1	1
ORTHOMCL7792	1	1	1	1	1	1	1	1	1	1	1	1	1	1	1	1	1	1	1	1	1
ORTHOMCL7804	1	1	1	1	1	1	1	1	1	1	1	1	1	1	1	1	1	1	1	1	1
ORTHOMCL7805	1	1	1	1	1	1	1	1	1	1	1	1	1	1	1	1	1	1	1	1	1
ORTHOMCL7809	1	1	1	1	1	1	1	1	1	1	1	1	1	1	1	1	1	1	1	1	1
ORTHOMCL7820	1	1	1	1	1	1	1	1	1	1	1	1	1	1	1	1	1	1	1	1	1
ORTHOMCL7830	1	1	1	1	1	1	1	1	1	1	1	1	1	1	1	1	1	1	1	1	1
ORTHOMCL7832	1	1	1	1	1	1	1	1	1	1	1	1	1	1	1	1	1	1	1	1	1
ORTHOMCL7880	1	1	1	1	1	1	1	1	1	1	1	1	1	1	1	0	1	1	1	1	1
ORTHOMCL7882	0	1	1	1	1	1	1	1	1	1	1	1	1	1	1	1	1	1	1	1	1
ORTHOMCL7886	1	1	1	1	1	0	1	1	1	1	1	1	1	1	1	1	1	1	1	1	1
ORTHOMCL7913	1	1	1	1	1	1	1	1	1	1	1	1	1	1	1	0	1	1	1	1	1
ORTHOMCL7919	1	1	1	1	1	1	1	1	1	0	1	1	1	1	1	1	1	1	1	1	1
ORTHOMCL7925	1	1	1	1	1	1	1	1	1	1	1	1	1	0	1	1	1	1	1	1	1
ORTHOMCL7953	1	1	1	1	1	1	1	1	1	1	1	1	1	1	1	0	1	1	1	1	1
ORTHOMCL7965	1	1	1	1	1	1	1	1	1	1	1	1	1	0	1	1	1	1	1	1	1
ORTHOMCL7982	1	1	1	1	1	0	1	1	1	1	1	1	1	1	1	1	1	1	1	1	1
ORTHOMCL7992	1	1	1	1	1	1	1	1	1	1	1	0	1	1	1	1	1	1	1	1	1
ORTHOMCL7994	2	1	1	1	1	1	1	1	1	1	1	1	0	1	1	0	1	1	1	1	1
ORTHOMCL7996	1	1	1	1	1	1	1	1	1	1	1	1	1	1	1	0	1	1	1	1	1
ORTHOMCL8005	1	1	1	1	1	1	1	1	1	1	1	1	0	1	1	1	1	1	1	1	1
ORTHOMCL8012	1	1	1	2	1	1	1	1	1	1	1	1	0	1	1	0	1	1	1	1	1
ORTHOMCL8029	1	1	1	1	1	1	1	1	1	0	1	1	1	1	1	1	1	1	1	1	1
ORTHOMCL8048	1	1	1	1	1	1	1	1	1	1	1	1	1	1	1	0	1	1	1	1	1
ORTHOMCL8058	1	1	1	1	1	1	1	1	1	0	1	1	1	1	1	1	1	1	1	1	1
ORTHOMCL8064	1	1	1	1	1	1	1	1	1	1	1	1	0	1	1	1	1	1	1	1	1
ORTHOMCL8070	1	1	1	1	1	1	1	1	1	1	1	1	1	1	1	1	0	1	1	1	1
ORTHOMCL8078	1	1	1	1	1	1	1	1	1	1	1	0	1	1	1	1	1	1	1	1	1
ORTHOMCL8083	1	1	1	1	1	1	1	1	1	1	1	1	0	1	1	1	1	1	1	1	1
ORTHOMCL8096	1	0	1	1	1	1	1	1	1	1	1	1	1	1	1	1	1	1	1	1	1
ORTHOMCL8113	1	1	1	1	1	1	1	1	1	1	1	1	1	1	1	0	1	1	1	1	1
ORTHOMCL8116	1	0	1	1	1	1	1	1	1	1	1	1	1	1	1	1	1	1	1	1	1
ORTHOMCL8121	1	1	1	1	1	0	1	1	1	1	1	1	1	1	1	1	1	1	1	1	1
ORTHOMCL8134	1	1	1	1	1	1	1	1	1	1	1	1	0	1	1	1	1	1	1	1	1
ORTHOMCL8146	1	1	1	1	1	0	1	1	1	1	1	1	0	1	1	1	2	1	1	1	1
ORTHOMCL8155	1	1	1	1	1	1	1	1	1	1	1	1	0	1	1	1	1	1	1	1	1
ORTHOMCL8164	1	1	1	1	1	1	1	1	1	1	1	0	1	1	1	1	1	1	1	1	1
ORTHOMCL8239	1	1	1	1	1	1	1	1	1	1	1	1	1	1	1	0	1	1	1	1	1
ORTHOMCL8259	1	1	1	1	1	1	1	1	1	1	1	1	1	1	1	0	1	1	1	1	1
ORTHOMCL8263	1	1	1	1	1	1	1	1	1	1	1	2	0	1	1	1	0	1	1	1	1
ORTHOMCL8274	1	1	1	1	1	1	1	1	1	1	1	0	0	0	1	2	2	0	1	1	1
ORTHOMCL8287	1	1	1	1	1	1	1	1	1	1	1	1	0	1	1	1	1	1	1	1	1
ORTHOMCL8296	1	1	1	1	1	1	1	1	1	0	1	1	1	1	1	1	1	1	1	1	1
ORTHOMCL8307	1	1	1	1	1	0	1	1	1	1	1	1	1	1	1	1	1	1	1	1	1
ORTHOMCL8317	1	0	1	1	1	1	1	1	1	2	1	1	1	1	1	1	0	1	1	1	1
ORTHOMCL8318	1	1	1	1	1	1	1	1	1	1	1	1	1	1	1	0	1	1	1	1	1
ORTHOMCL8319	1	1	1	1	1	1	1	1	1	1	1	1	0	1	1	1	1	1	1	1	1
ORTHOMCL8325	1	1	1	1	1	1	1	1	1	1	1	1	0	1	1	1	1	1	1	1	1
ORTHOMCL8336	1	1	1	1	1	1	1	1	1	1	1	1	0	1	1	1	1	1	1	1	1
ORTHOMCL8337	1	1	1	1	1	1	1	1	1	1	1	1	1	1	1	1	0	1	1	1	1
ORTHOMCL8342	1	1	1	1	1	1	1	1	1	0	1	1	1	1	1	1	1	1	1	1	1
ORTHOMCL8343	1	1	1	1	1	1	1	1	1	1	1	1	0	1	1	1	1	1	1	1	1
ORTHOMCL8351	1	1	1	1	1	1	1	1	1	1	1	1	0	1	1	1	1	1	1	1	1
ORTHOMCL8353	1	1	1	1	1	1	1	1	1	1	1	1	1	1	1	1	0	1	1	1	1
ORTHOMCL8363	1	1	1	1	1	1	1	1	1	1	1	1	0	1	1	1	1	1	1	1	1
ORTHOMCL8377	1	1	1	1	1	1	1	1	1	1	1	1	1	1	1	0	1	1	1	1	1
ORTHOMCL8380	1	1	1	1	1	1	1	1	1	0	1	0	1	1	1	1	2	1	1	1	1
ORTHOMCL8408	1	1	1	1	1	1	1	1	1	1	1	1	0	1	1	1	1	1	1	1	1
ORTHOMCL8410	1	1	1	1	1	1	1	1	1	1	1	1	1	1	1	0	1	1	1	1	1
ORTHOMCL8432	1	1	1	1	1	0	1	1	1	1	1	1	1	1	1	1	1	1	1	1	1
ORTHOMCL8446	1	1	1	1	1	1	1	1	1	1	1	1	1	0	1	0	2	1	1	1	1
ORTHOMCL8451	1	1	1	1	1	1	1	1	1	1	1	1	1	1	1	1	0	1	1	1	1
ORTHOMCL8467	1	1	1	1	1	1	1	1	1	0	1	0	1	1	1	1	2	1	1	1	1
ORTHOMCL8476	1	0	1	1	1	1	1	1	1	1	1	1	0	1	1	2	1	1	1	1	1
ORTHOMCL8481	1	1	1	0	1	1	1	1	1	1	1	1	1	1	1	1	1	1	1	1	1
ORTHOMCL8494	1	1	1	0	1	1	1	1	1	1	1	1	1	1	1	1	1	1	1	1	1
ORTHOMCL8502	1	1	1	0	1	1	1	1	1	1	1	1	1	1	1	1	1	1	1	1	1
ORTHOMCL8574	1	1	1	1	1	0	1	1	1	1	1	1	0	1	1	1	1	1	1	1	1
ORTHOMCL8577	1	0	1	1	1	1	1	1	1	1	1	1	1	1	1	0	1	1	1	1	1
ORTHOMCL8599	1	1	1	1	1	1	1	1	1	1	1	0	1	1	1	1	0	1	1	1	1
ORTHOMCL8631	1	1	1	1	1	1	1	1	1	0	1	1	0	1	1	1	1	1	1	1	1
ORTHOMCL8656	1	0	1	1	1	1	1	1	1	1	1	1	1	1	1	1	0	1	1	1	1
ORTHOMCL8658	1	1	1	1	1	1	1	1	1	1	1	1	0	1	1	1	0	1	1	1	1
ORTHOMCL8674	1	1	1	1	1	0	1	1	1	1	1	1	0	1	1	1	1	1	1	1	1
ORTHOMCL8717	1	1	1	1	1	1	1	1	1	1	1	1	0	1	1	0	1	1	1	1	1
ORTHOMCL8740	1	1	1	1	1	1	1	1	1	1	1	1	1	0	1	1	0	1	1	1	1
ORTHOMCL8752	1	1	1	1	1	0	1	1	1	1	1	1	1	1	1	0	1	1	1	1	1
ORTHOMCL8767	0	0	1	1	0	1	1	1	1	1	1	1	1	1	1	1	1	1	1	1	1
ORTHOMCL8787	1	1	1	0	1	1	1	1	1	1	1	1	1	1	1	1	0	1	1	1	1
ORTHOMCL8795	1	1	1	0	1	1	1	1	1	1	1	1	1	1	1	1	0	1	1	1	1
ORTHOMCL8801	1	1	1	0	1	1	1	1	1	1	1	1	1	1	1	0	1	1	1	1	1
ORTHOMCL8802	1	1	1	0	1	0	1	1	1	1	1	1	1	1	1	1	1	1	1	1	1
ORTHOMCL8808	0	1	1	0	1	1	1	1	1	1	1	1	1	1	1	1	1	1	1	1	1
ORTHOMCL8812	1	1	1	0	1	1	1	1	1	1	1	1	1	1	1	1	0	1	1	1	1
ORTHOMCL8859	1	0	1	1	1	1	1	1	1	0	1	1	1	1	1	1	0	1	1	1	1
ORTHOMCL8927	0	0	1	1	0	0	1	0	1	1	1	1	0	1	1	1	2	1	1	1	1
ORTHOMCL8939	1	1	1	1	1	0	1	1	1	0	1	0	1	1	1	1	1	1	1	1	1
ORTHOMCL8955	1	1	1	1	1	1	1	1	1	0	1	1	1	0	1	0	1	1	1	1	1
ORTHOMCL8963	1	1	1	1	1	0	1	1	1	1	1	0	1	1	1	1	0	1	1	1	1
ORTHOMCL8970	1	1	1	0	1	1	1	1	1	1	1	1	1	0	1	1	0	1	1	1	1
ORTHOMCL9036	1	1	1	1	1	0	1	1	1	1	1	0	0	0	1	1	1	0	1	1	1
ORTHOMCL9084	1	1	1	1	1	0	1	1	1	0	1	1	0	0	1	1	1	0	1	1	1
ORTHOMCL9124	0	0	1	1	0	1	1	1	1	1	1	1	1	1	1	0	0	1	1	1	1
ORTHOMCL9133	0	0	1	1	0	1	1	1	1	1	1	1	0	1	1	0	1	1	1	1	1
ORTHOMCL9233	0	0	1	1	0	1	1	1	1	1	1	1	0	0	1	0	1	0	1	1	1
ORTHOMCL9272	0	0	1	1	0	1	1	1	1	1	1	1	0	0	1	0	1	0	1	1	1
ORTHOMCL9290	0	0	1	1	0	1	1	1	1	0	1	0	0	0	1	2	1	0	1	1	1
ORTHOMCL9297	0	0	4	0	0	0	1	0	1	0	1	1	1	0	1	0	0	1	1	1	1
ORTHOMCL9626	0	0	1	1	0	1	1	1	1	0	1	0	1	0	1	0	0	1	1	1	1
ORTHOMCL9656	1	0	2	0	1	0	1	1	1	0	1	0	1	0	1	0	0	1	1	1	1
ORTHOMCL9929	0	0	1	0	0	0	1	0	1	0	1	1	1	0	1	0	0	1	1	1	1
ORTHOMCL10448	0	0	1	0	0	0	1	0	1	0	1	0	1	0	1	0	0	1	1	1	1
