#FamilyID	Bimp<0>	Bter<1>	Amel<2>	Aflo<3>	<4>	Mqua<5>	<6>	<7>	<8>	Emex<9>	<10>	Hlab<11>	Lalb<12>	Dnov<13>	<14>	Ccal<15>	Mrot<16>	<17>	<18>	<19>	<20>	
ORTHOMCL14	0.000422351	0.609436	0.00238392	0.59678	0.147592	0.0439116	0.658084	0.612791	0.559592	0.766085	0.587565	0.0314523	0.536684	0.34529	0.547676	0.832081	0.000193968	0.233436	0.536431	0.536431	N/A
ORTHOMCL30	0.567661	0.00353223	0.0975768	0.0372288	0.659478	0.335563	0.615686	0.580091	0.541	0.0483775	0.561227	0.295036	0.486329	0.297097	0.532586	0.00260236	0.714617	0.610868	0.524749	0.524749	N/A
ORTHOMCL48	0.102153	0.567661	0.0975768	4.26691e-11	0.659478	0.00502576	0.615686	0.580091	0.0162178	0.269219	0.547049	0.238778	0.41927	0.658172	0.524749	0.749017	0.271693	0.587085	0.518739	0.518739	N/A
ORTHOMCL53	0.567661	0.0369985	0.517477	0.518477	0.659478	0.00165142	0.00011404	0.580091	0.0760888	0.00827687	0.57472	0.720541	0.00139223	0.721877	0.540227	0.812452	0.743958	0.632476	0.530646	0.530646	N/A
ORTHOMCL69	0.00019597	1.23791e-05	0.517477	0.518477	0.592018	0.201444	0.09576	0.542746	6.99981e-06	0.0691117	0.57472	0.0537264	0.0107437	0.693037	0.540227	0.812452	0.183917	0.202181	0.530646	0.530646	N/A
ORTHOMCL95	0.567661	8.32039e-05	0.0510712	0.535936	0.00621721	0.201444	0.563814	0.542746	0.521167	0.19678	0.532146	0.172479	0.134343	0.129348	0.000223448	0.785935	0.0493771	0.610868	0.524749	0.524749	N/A
ORTHOMCL100	3.64652e-05	0.552135	0.534044	0.535936	0.628304	0.680188	0.137501	0.562044	0.531245	0.1129	0.547049	0.657002	0.41927	0.658172	0.524749	0.749017	0.271693	0.587085	0.518739	0.518739	N/A
ORTHOMCL119	0.0369985	0.567661	0.534044	0.0186446	0.00621721	0.633994	0.563814	0.542746	0.521167	0.630909	0.532146	0.614808	0.716159	0.615759	0.51671	0.00322904	0.632234	0.560874	0.512612	0.512612	N/A
ORTHOMCL120	0.567661	0.00353223	0.0510712	0.535936	0.0759538	0.0116708	0.137501	0.562044	0.531245	0.1129	0.547049	0.00796832	0.326893	0.173912	0.524749	0.183387	0.00226083	0.131431	0.518739	0.518739	N/A
ORTHOMCL126	0.518363	0.518363	0.517477	0.518477	0.549642	0.575269	0.533579	0.5221	0.000184991	2.03133e-07	0.547049	0.00796832	0.041194	0.658172	0.524749	0.183387	0.000205001	0.587085	0.518739	0.518739	N/A
ORTHOMCL131	0.609436	0.609436	0.517477	0.518477	9.40969e-07	0.201444	0.09576	0.542746	0.521167	0.630909	0.532146	0.172479	0.633477	0.56386	0.51671	0.295932	6.38538e-07	0.0913443	0.512612	0.512612	N/A
ORTHOMCL138	0.582354	0.582354	0.534044	0.000856541	0.000243895	0.633994	0.563814	0.542746	0.521167	0.630909	0.532146	0.614808	0.716159	0.615759	0.51671	0.696081	0.632234	0.560874	0.512612	0.512612	N/A
ORTHOMCL171	0.552135	0.552135	0.000506192	0.552439	0.628304	0.0116708	0.591074	0.562044	0.531245	0.1129	0.547049	0.00142208	0.716159	0.173912	0.524749	0.0314614	0.678098	0.131431	0.518739	0.518739	N/A
ORTHOMCL172	0.567661	0.0369985	0.0510712	0.535936	0.0759538	0.0116708	0.137501	0.562044	0.531245	0.1129	0.547049	0.0972015	0.326893	0.615759	0.524749	0.0314614	0.678098	0.131431	0.518739	0.518739	N/A
ORTHOMCL173	1.3739e-10	0.0535878	0.0510712	0.535936	0.592018	0.201444	0.563814	0.542746	0.521167	0.0758638	0.532146	0.172479	0.633477	0.56386	0.51671	1.09599e-05	0.574148	0.531952	0.512612	0.0189184	N/A
ORTHOMCL174	0.0277783	0.552135	0.0510712	0.535936	0.0508264	0.201444	0.563814	0.542746	0.521167	0.630909	0.0707822	0.657002	0.041194	0.658172	0.524749	0.749017	0.030068	0.587085	0.518739	0.518739	N/A
ORTHOMCL175	0.567661	0.00353223	0.534044	0.535936	0.00621721	0.201444	0.563814	0.542746	0.521167	0.0758638	0.532146	0.172479	0.326893	0.0658067	0.51671	0.124661	0.632234	0.560874	0.512612	0.512612	N/A
ORTHOMCL177	0.552135	0.0277783	0.0510712	0.535936	0.0508264	0.201444	0.563814	0.542746	0.521167	0.630909	0.532146	0.614808	0.326893	4.24765e-05	0.51671	0.0355369	0.198783	0.560874	0.512612	0.512612	N/A
ORTHOMCL179	0.0185289	0.535721	0.534044	0.0186446	0.592018	0.633994	0.563814	0.542746	0.521167	0.19678	0.532146	0.614808	0.716159	0.615759	0.51671	0.0355369	0.0139269	0.560874	0.512612	0.512612	N/A
ORTHOMCL195	0.0185289	0.535721	0.534044	0.000856541	0.592018	0.633994	0.563814	0.542746	0.521167	0.630909	0.532146	0.614808	0.716159	0.615759	0.51671	0.124661	0.0767634	0.560874	0.512612	0.512612	N/A
ORTHOMCL218	0.00197957	0.552135	0.000506192	0.552439	0.628304	0.0116708	0.591074	0.562044	0.531245	0.676519	0.547049	0.657002	0.633477	0.56386	0.524749	0.183387	0.198783	0.0913443	0.518739	0.0281387	N/A
ORTHOMCL227	0.567661	0.00353223	0.549752	0.0279516	0.00621721	0.201444	0.0341266	0.542746	0.521167	0.19678	0.532146	0.172479	0.633477	0.56386	0.51671	0.696081	0.632234	0.0913443	0.512612	0.512612	N/A
ORTHOMCL241	0.535721	0.535721	0.0510712	1.26103e-05	0.592018	0.201444	0.563814	0.542746	0.521167	0.0758638	0.532146	0.614808	0.633477	0.56386	0.51671	0.00322904	0.632234	0.0913443	0.512612	0.512612	N/A
ORTHOMCL245	0.552135	0.00197957	0.534044	0.535936	0.628304	0.680188	0.563814	0.0223394	0.521167	0.630909	0.532146	0.614808	0.716159	0.173912	0.51671	0.696081	0.198783	0.560874	0.512612	0.512612	N/A
ORTHOMCL289	0.518363	0.518363	0.0510712	0.0186446	0.549642	0.575269	0.563814	0.0641298	0.521167	0.0136108	0.532146	4.09415e-05	0.326893	0.615759	0.51671	0.696081	0.632234	0.560874	0.512612	0.512612	N/A
ORTHOMCL314	0.535721	0.535721	0.517477	0.518477	0.592018	0.633994	0.09576	0.542746	0.521167	0.19678	0.532146	0.172479	0.0897689	0.658172	0.51671	0.0355369	0.632234	0.032448	0.512612	0.512612	N/A
ORTHOMCL318	0.567661	8.32039e-05	0.517477	0.518477	6.59164e-05	0.575269	0.533579	0.5221	0.510757	0.0378839	0.516478	0.563277	0.633477	0.56386	0.508462	0.000983555	0.574148	0.531952	0.506367	0.506367	N/A
ORTHOMCL319	0.552135	0.0277783	0.517477	0.518477	0.00129403	0.575269	0.533579	0.5221	0.510757	1.67686e-05	0.516478	0.563277	0.633477	0.56386	0.508462	0.000123896	0.574148	0.531952	0.506367	0.506367	N/A
ORTHOMCL328	0.00197957	0.552135	0.517477	0.518477	0.0508264	0.201444	0.09576	0.542746	0.521167	0.0758638	0.532146	0.172479	0.633477	0.56386	0.51671	0.00322904	0.632234	0.0913443	0.512612	0.512612	N/A
ORTHOMCL331	0.567661	0.567661	0.517477	0.518477	6.59164e-05	0.575269	0.533579	0.5221	0.510757	0.573306	0.516478	0.563277	0.633477	0.56386	0.508462	0.000983555	1.75825e-05	0.531952	0.506367	0.506367	N/A
ORTHOMCL338	0.552135	0.552135	0.517477	0.518477	0.0508264	0.201444	0.09576	0.542746	0.521167	0.0758638	0.532146	0.000504122	0.633477	0.56386	0.51671	0.696081	0.632234	0.0913443	0.512612	0.512612	N/A
ORTHOMCL358	0.567661	0.567661	0.0510712	0.535936	0.00621721	0.201444	0.563814	0.542746	0.521167	0.630909	0.532146	0.172479	0.633477	0.56386	0.51671	0.295932	0.000809543	0.0913443	0.512612	0.512612	N/A
ORTHOMCL365	0.535721	0.535721	0.0510712	0.0186446	0.592018	0.201444	0.563814	0.542746	0.521167	0.0758638	0.532146	0.172479	0.633477	0.56386	0.51671	0.00322904	0.0767634	0.0913443	0.512612	0.512612	N/A
ORTHOMCL368	0.0535878	0.0185289	0.0510712	0.535936	0.592018	0.0779636	0.563814	0.542746	0.521167	0.630909	0.532146	0.0651893	0.142004	0.615759	0.51671	0.696081	0.198783	0.560874	0.512612	0.512612	N/A
ORTHOMCL382	0.552135	0.0277783	0.517477	0.000173865	0.00129403	0.575269	0.533579	0.5221	0.510757	0.573306	0.516478	0.563277	0.633477	0.56386	0.508462	0.618034	1.35599e-06	0.531952	0.506367	0.506367	N/A
ORTHOMCL387	0.582354	0.582354	0.517477	0.518477	0.000243895	0.201444	0.09576	0.542746	0.521167	0.19678	0.532146	0.0651893	0.326893	0.615759	0.51671	0.295932	0.632234	0.560874	0.512612	0.512612	N/A
ORTHOMCL406	0.535721	0.0185289	0.534044	0.0539103	0.592018	0.201444	0.563814	0.542746	0.521167	0.0136108	0.532146	0.0101248	0.716159	0.173912	0.51671	0.696081	0.198783	0.560874	0.512612	0.512612	N/A
ORTHOMCL427	0.0369985	0.567661	0.0510712	0.0186446	0.00621721	0.201444	0.563814	0.542746	0.521167	0.19678	0.532146	0.172479	0.633477	0.56386	0.51671	0.696081	0.632234	0.0913443	0.512612	0.512612	N/A
ORTHOMCL435	0.0277783	0.552135	0.0510712	0.535936	0.0508264	0.201444	0.563814	0.542746	0.521167	0.630909	0.532146	0.0651893	0.633477	0.56386	0.51671	0.295932	0.0767634	0.0913443	0.512612	0.512612	N/A
ORTHOMCL438	0.535721	0.0535878	0.0510712	0.0186446	0.592018	0.201444	0.563814	0.542746	0.521167	0.19678	0.532146	0.614808	0.326893	0.010313	0.51671	0.696081	0.0139269	0.560874	0.512612	0.512612	N/A
ORTHOMCL445	0.535721	0.000846016	0.517477	0.518477	0.0254034	0.575269	0.533579	0.5221	0.510757	0.573306	0.0482242	0.614808	0.326893	0.0658067	0.51671	0.00322904	0.198783	0.560874	0.512612	0.512612	N/A
ORTHOMCL463	0.518363	0.518363	0.534044	0.535936	0.549642	0.575269	0.563814	0.0641298	0.521167	0.630909	0.532146	0.614808	0.326893	0.615759	0.51671	0.696081	7.74082e-05	0.560874	0.512612	0.512612	N/A
ORTHOMCL464	0.518363	0.00926429	0.517477	0.518477	0.549642	0.575269	0.533579	0.5221	0.510757	0.0378839	0.516478	0.563277	0.000209485	0.56386	0.508462	1.56069e-05	0.574148	0.531952	0.506367	0.506367	N/A
ORTHOMCL473	0.535721	0.535721	0.517477	0.518477	0.0254034	0.575269	0.533579	0.5221	0.510757	0.573306	0.516478	0.563277	0.041194	0.658172	0.000113012	0.00868341	0.678098	0.587085	0.518739	0.518739	N/A
ORTHOMCL475	0.567661	0.567661	0.0510712	0.535936	0.00621721	0.201444	0.563814	0.542746	0.521167	0.630909	0.532146	0.172479	0.633477	0.56386	0.51671	0.0355369	0.574148	0.531952	0.512612	0.0189184	N/A
ORTHOMCL493	0.552135	0.00197957	0.517477	0.518477	0.0508264	0.201444	0.09576	0.542746	0.521167	0.19678	0.532146	0.614808	0.326893	0.615759	0.51671	0.295932	0.0139269	0.560874	0.512612	0.512612	N/A
ORTHOMCL497	0.567661	0.567661	0.517477	0.518477	6.59164e-05	0.575269	0.533579	0.5221	0.510757	0.573306	0.516478	0.00213052	0.00145659	0.56386	0.508462	0.618034	0.574148	0.531952	0.506367	0.506367	N/A
ORTHOMCL520	0.518363	0.518363	0.517477	0.518477	0.549642	0.575269	0.533579	0.5221	0.510757	0.573306	0.516478	9.11724e-06	0.633477	0.56386	0.508462	1.96596e-06	0.574148	0.531952	0.506367	0.506367	N/A
ORTHOMCL566	0.518363	0.518363	0.517477	0.518477	0.549642	0.575269	0.533579	0.5221	0.0317525	0.630909	0.532146	4.09415e-05	0.195044	0.56386	0.51671	0.00322904	0.632234	0.0913443	0.512612	0.512612	N/A
ORTHOMCL572	5.8991e-08	0.518363	0.517477	0.518477	0.549642	0.575269	0.533579	0.5221	0.510757	0.573306	0.516478	0.563277	0.633477	0.56386	0.508462	0.000983555	0.000227984	0.531952	0.506367	0.506367	N/A
ORTHOMCL578	0.518363	0.00926429	0.517477	0.518477	0.549642	0.575269	0.533579	0.5221	0.0317525	0.630909	0.532146	0.172479	0.633477	0.56386	0.51671	0.00322904	0.000809543	0.0913443	0.512612	0.512612	N/A
ORTHOMCL580	0.518363	0.518363	0.517477	0.518477	0.549642	0.575269	0.533579	0.5221	0.0317525	7.39391e-05	0.532146	0.614808	0.633477	0.56386	0.51671	0.124661	0.0767634	0.0913443	0.512612	0.512612	N/A
ORTHOMCL582	0.567661	0.0369985	0.517477	0.518477	6.59164e-05	0.575269	0.533579	0.5221	0.510757	0.573306	0.516478	0.0325684	0.633477	0.56386	0.508462	0.618034	0.00295617	0.531952	0.506367	0.506367	N/A
ORTHOMCL583	0.567661	0.567661	0.517477	0.518477	0.00621721	0.201444	0.09576	0.542746	0.521167	0.630909	0.532146	0.0651893	0.633477	0.56386	0.51671	0.295932	0.632234	0.0913443	0.512612	0.512612	N/A
ORTHOMCL601	0.518363	0.518363	0.517477	0.518477	0.549642	0.575269	0.533579	0.5221	0.510757	1.67686e-05	0.516478	0.563277	0.633477	6.25335e-07	0.508462	0.618034	0.574148	0.531952	0.506367	0.506367	N/A
ORTHOMCL603	0.567661	0.567661	0.0510712	0.000856541	0.00621721	0.201444	0.563814	0.542746	0.521167	0.630909	0.00830586	0.563277	0.633477	0.094699	0.508462	0.173083	0.0383314	0.531952	0.506367	0.506367	N/A
ORTHOMCL611	0.552135	0.552135	0.0510712	0.000856541	0.0508264	0.201444	0.563814	0.542746	0.521167	0.19678	0.532146	0.172479	0.633477	0.56386	0.51671	0.696081	0.632234	0.0913443	0.512612	0.512612	N/A
ORTHOMCL617	0.535721	0.535721	0.0510712	0.000856541	0.592018	0.201444	0.563814	0.542746	0.521167	0.19678	0.532146	0.172479	0.633477	0.56386	0.51671	0.124661	0.0767634	0.0913443	0.512612	0.512612	N/A
ORTHOMCL624	0.535721	0.0185289	0.517477	0.518477	0.0254034	0.575269	0.533579	0.5221	0.510757	0.573306	0.0482242	0.614808	0.633477	0.56386	0.51671	0.124661	0.0139269	0.0913443	0.512612	0.512612	N/A
ORTHOMCL644	0.552135	0.552135	0.0510712	0.0186446	0.0508264	0.201444	0.563814	0.542746	0.521167	0.630909	0.532146	0.172479	0.633477	0.56386	0.51671	0.124661	0.574148	0.531952	0.512612	0.0189184	N/A
ORTHOMCL645	0.582354	0.0461768	0.517477	0.518477	3.35772e-06	0.575269	0.533579	0.5221	0.510757	0.573306	0.516478	0.563277	0.633477	0.56386	0.508462	0.618034	0.574148	0.531952	0.506367	0.506367	N/A
ORTHOMCL648	0.567661	8.32039e-05	0.517477	0.518477	6.59164e-05	0.111369	0.533579	0.5221	0.510757	0.573306	0.516478	0.563277	0.633477	0.0328761	0.508462	0.618034	0.574148	0.531952	0.506367	0.506367	N/A
ORTHOMCL651	0.535721	0.0535878	0.0510712	0.535936	0.592018	0.633994	0.563814	0.542746	0.521167	0.0758638	0.532146	0.172479	0.716159	0.173912	0.51671	0.295932	0.0139269	0.560874	0.512612	0.512612	N/A
ORTHOMCL657	0.518363	0.00926429	0.517477	0.518477	0.549642	0.575269	0.533579	0.5221	0.510757	0.573306	0.0482242	0.0101248	0.633477	0.56386	0.51671	0.295932	7.74082e-05	0.0913443	0.512612	0.512612	N/A
ORTHOMCL673	0.552135	8.33633e-07	0.517477	0.518477	0.00129403	0.575269	0.533579	0.5221	0.510757	0.0378839	0.516478	0.563277	0.633477	0.56386	0.508462	0.618034	0.574148	0.531952	0.506367	0.506367	N/A
ORTHOMCL679	0.0277783	0.552135	0.517477	0.518477	0.00129403	0.575269	0.533579	0.5221	0.510757	0.573306	0.516478	0.563277	0.633477	0.56386	0.508462	0.618034	0.000227984	0.531952	0.506367	0.506367	N/A
ORTHOMCL706	0.567661	0.00353223	0.517477	0.518477	6.59164e-05	0.575269	0.533579	0.5221	0.510757	0.573306	0.516478	0.563277	0.633477	0.56386	0.508462	0.618034	0.574148	0.531952	0.506367	0.506367	N/A
ORTHOMCL709	0.518363	0.518363	0.517477	0.518477	0.549642	0.575269	0.533579	0.5221	0.510757	0.573306	0.516478	0.563277	0.326893	0.615759	0.0250652	0.0355369	0.000809543	0.560874	0.512612	0.512612	N/A
ORTHOMCL711	0.535721	0.535721	0.0510712	0.000856541	0.592018	0.201444	0.563814	0.542746	0.521167	0.630909	0.532146	0.172479	0.633477	0.56386	0.51671	0.124661	0.574148	0.531952	0.512612	0.0189184	N/A
ORTHOMCL722	0.000171713	0.518363	0.517477	3.24272e-06	0.549642	0.575269	0.533579	0.5221	0.510757	0.573306	0.516478	0.563277	0.633477	0.56386	0.508462	0.618034	0.000227984	0.531952	0.506367	0.506367	N/A
ORTHOMCL731	0.0277783	0.552135	0.517477	0.518477	0.00129403	0.575269	0.533579	0.5221	0.510757	0.00288714	0.516478	0.563277	0.633477	0.56386	0.508462	0.0619843	0.574148	0.531952	0.506367	0.506367	N/A
ORTHOMCL752	0.518363	0.518363	0.517477	0.518477	0.549642	0.575269	0.533579	0.5221	0.510757	7.42229e-09	0.516478	0.563277	0.633477	0.094699	0.508462	0.00780801	0.574148	0.531952	0.506367	0.506367	N/A
ORTHOMCL755	0.567661	0.00353223	0.517477	0.518477	6.59164e-05	0.575269	0.533579	0.5221	0.510757	0.573306	0.516478	0.563277	0.633477	0.56386	0.508462	0.618034	0.574148	0.531952	0.506367	0.506367	N/A
ORTHOMCL756	0.0535878	0.535721	0.0510712	0.535936	0.592018	0.633994	0.563814	0.542746	0.521167	0.19678	0.532146	0.172479	0.716159	0.615759	0.51671	0.0355369	0.198783	0.560874	0.512612	0.512612	N/A
ORTHOMCL766	0.552135	0.0277783	0.517477	0.518477	0.00129403	0.575269	0.533579	0.5221	0.510757	0.573306	0.516478	0.0325684	0.633477	0.00217114	0.508462	0.618034	0.574148	0.531952	0.506367	0.506367	N/A
ORTHOMCL777	0.552135	0.552135	0.517477	0.518477	0.00129403	0.575269	0.533579	0.5221	0.510757	0.573306	0.516478	0.563277	0.633477	0.56386	0.508462	0.618034	1.75825e-05	0.531952	0.506367	0.506367	N/A
ORTHOMCL778	0.567661	0.00353223	0.517477	0.518477	6.59164e-05	0.575269	0.533579	0.5221	0.510757	0.573306	0.516478	0.563277	0.633477	0.56386	0.508462	0.618034	0.574148	0.531952	0.506367	0.506367	N/A
ORTHOMCL791	0.535721	0.0535878	0.534044	0.0539103	0.592018	0.0779636	0.563814	0.542746	0.521167	0.19678	0.532146	0.614808	0.716159	0.173912	0.51671	0.295932	0.632234	0.560874	0.512612	0.512612	N/A
ORTHOMCL804	0.518363	0.00926429	0.517477	6.04792e-08	0.549642	0.575269	0.533579	0.5221	0.510757	0.573306	0.516478	0.563277	0.633477	0.0328761	0.508462	0.618034	0.0383314	0.531952	0.506367	0.506367	N/A
ORTHOMCL807	0.535721	0.535721	0.0510712	0.0186446	0.592018	0.201444	0.563814	0.542746	0.521167	0.0758638	0.532146	0.172479	0.326893	0.615759	0.51671	0.295932	0.198783	0.560874	0.512612	0.512612	N/A
ORTHOMCL810	0.518363	0.518363	0.517477	0.00932214	0.549642	0.575269	0.533579	0.5221	0.510757	0.0378839	0.516478	0.563277	0.633477	0.56386	0.508462	0.618034	1.35599e-06	0.531952	0.506367	0.506367	N/A
ORTHOMCL836	0.518363	0.00926429	0.549752	0.552439	0.549642	0.575269	0.000582857	0.5221	0.510757	0.573306	0.516478	0.563277	0.010128	0.56386	0.508462	0.0619843	0.109734	0.531952	0.506367	0.506367	N/A
ORTHOMCL838	0.0185289	0.535721	0.517477	0.518477	0.592018	0.201444	0.09576	0.542746	0.521167	0.630909	0.532146	0.172479	0.633477	0.56386	0.51671	0.124661	0.632234	0.0913443	0.512612	0.512612	N/A
ORTHOMCL846	0.00926429	0.518363	0.517477	0.00932214	0.549642	0.575269	0.533579	0.5221	0.510757	0.00022003	0.516478	0.563277	0.633477	0.56386	0.508462	0.00780801	0.574148	0.531952	0.506367	0.506367	N/A
ORTHOMCL866	0.00926429	0.518363	0.0264285	0.552439	0.549642	0.575269	0.000582857	0.5221	0.510757	0.573306	0.516478	0.563277	0.633477	0.0328761	0.508462	0.618034	0.574148	0.531952	0.506367	0.506367	N/A
ORTHOMCL873	0.518363	0.518363	0.517477	0.518477	0.549642	0.575269	0.533579	0.5221	0.510757	0.573306	0.516478	0.563277	0.633477	0.56386	0.508462	0.618034	8.06503e-09	0.531952	0.506367	0.506367	N/A
ORTHOMCL874	0.535721	0.0535878	0.534044	0.535936	0.592018	0.0046113	0.563814	0.542746	0.521167	0.630909	0.532146	0.172479	0.716159	0.010313	0.51671	0.295932	0.198783	0.560874	0.512612	0.512612	N/A
ORTHOMCL886	0.567661	0.567661	0.517477	0.518477	6.59164e-05	0.575269	0.533579	0.5221	0.510757	0.573306	0.516478	0.563277	0.633477	0.0328761	0.508462	0.618034	0.574148	0.531952	0.506367	0.506367	N/A
ORTHOMCL901	0.0535878	0.0185289	0.517477	0.518477	0.592018	0.201444	0.09576	0.542746	0.521167	0.0758638	0.532146	0.614808	0.633477	0.56386	0.51671	0.124661	0.574148	0.531952	0.512612	0.0189184	N/A
ORTHOMCL902	0.552135	0.552135	0.517477	0.518477	0.00129403	0.575269	0.533579	0.5221	0.510757	0.573306	0.516478	0.563277	0.633477	0.56386	0.508462	0.000983555	0.574148	0.531952	0.506367	0.506367	N/A
ORTHOMCL907	0.518363	5.8991e-08	0.517477	0.518477	0.549642	0.575269	0.533579	0.5221	0.510757	0.00288714	0.516478	0.0325684	0.633477	0.56386	0.508462	0.618034	0.574148	0.531952	0.506367	0.506367	N/A
ORTHOMCL920	0.552135	0.552135	0.517477	0.518477	0.00129403	0.575269	0.533579	0.5221	0.510757	0.573306	0.516478	0.00213052	0.633477	0.56386	0.508462	0.618034	0.574148	0.531952	0.506367	0.506367	N/A
ORTHOMCL924	0.518363	0.518363	0.517477	6.04792e-08	0.549642	0.575269	0.533579	0.5221	0.510757	0.573306	0.516478	0.563277	0.633477	0.0328761	0.508462	0.618034	0.0383314	0.531952	0.506367	0.506367	N/A
ORTHOMCL940	0.518363	0.00926429	0.517477	0.518477	0.549642	0.575269	0.533579	0.5221	0.510757	0.573306	0.0482242	0.614808	0.0182289	0.615759	0.51671	0.00322904	0.198783	0.560874	0.512612	0.512612	N/A
ORTHOMCL950	0.518363	0.518363	0.517477	0.518477	0.549642	0.575269	0.533579	0.5221	0.510757	0.00288714	0.516478	0.563277	0.633477	0.56386	0.508462	0.618034	1.75825e-05	0.531952	0.506367	0.506367	N/A
ORTHOMCL955	0.535721	0.535721	0.517477	0.518477	0.0254034	0.575269	0.533579	0.5221	0.510757	0.573306	0.516478	0.0938458	0.633477	0.56386	0.508462	0.0619843	1.75825e-05	0.531952	0.506367	0.506367	N/A
ORTHOMCL979	0.0535878	0.535721	0.517477	0.518477	0.592018	0.633994	0.09576	0.542746	0.521167	0.630909	0.532146	0.0651893	0.716159	0.173912	0.51671	0.295932	0.198783	0.560874	0.512612	0.512612	N/A
ORTHOMCL1005	0.518363	0.518363	0.0510712	0.535936	0.138153	0.0779636	0.563814	0.542746	0.521167	0.19678	0.532146	0.614808	0.716159	0.173912	0.51671	0.696081	0.198783	0.560874	0.512612	0.512612	N/A
ORTHOMCL1007	0.518363	0.518363	0.517477	0.518477	0.549642	0.575269	0.533579	0.5221	0.510757	0.0378839	0.516478	0.563277	0.633477	0.56386	0.508462	0.0619843	1.75825e-05	0.531952	0.506367	0.506367	N/A
ORTHOMCL1044	0.000846016	0.535721	0.517477	0.518477	0.0254034	0.111369	0.533579	0.5221	0.510757	1.67686e-05	0.516478	0.563277	0.633477	0.56386	0.508462	0.618034	0.109734	0.531952	0.506367	0.506367	N/A
ORTHOMCL1047	0.535721	0.0535878	0.517477	0.518477	0.592018	0.0143539	0.533579	0.0111693	0.510757	0.573306	0.516478	0.563277	0.010128	0.56386	0.508462	0.618034	0.574148	0.531952	0.506367	0.506367	N/A
ORTHOMCL1067	0.535721	0.0185289	0.517477	0.518477	0.0254034	0.575269	0.533579	0.5221	0.510757	0.573306	0.516478	0.0325684	0.633477	0.56386	0.508462	0.618034	0.00295617	0.531952	0.506367	0.506367	N/A
ORTHOMCL1078	0.552135	0.00197957	0.517477	0.518477	0.00129403	0.575269	0.533579	0.5221	0.510757	0.573306	0.516478	0.563277	0.633477	0.56386	0.508462	0.618034	0.574148	0.531952	0.506367	0.506367	N/A
ORTHOMCL1166	0.0535878	0.535721	0.0510712	0.535936	0.592018	0.633994	0.563814	0.542746	0.521167	0.19678	0.532146	0.172479	0.326893	0.615759	0.51671	0.295932	0.632234	0.560874	0.512612	0.512612	N/A
ORTHOMCL1188	0.518363	0.518363	0.517477	0.000173865	0.549642	0.575269	0.533579	0.5221	0.510757	0.573306	0.516478	0.563277	0.633477	0.56386	0.508462	0.0619843	0.00295617	0.531952	0.506367	0.506367	N/A
ORTHOMCL1209	0.00926429	0.518363	0.517477	0.00932214	0.549642	0.0389283	0.533579	0.5221	0.510757	0.573306	0.516478	0.563277	0.070422	0.56386	0.508462	0.0619843	0.574148	0.531952	0.506367	0.506367	N/A
ORTHOMCL1218	0.518363	5.8991e-08	0.517477	0.518477	0.549642	0.575269	0.533579	0.5221	0.510757	0.573306	0.516478	0.563277	0.633477	0.56386	0.508462	0.0619843	0.574148	0.531952	0.506367	0.506367	N/A
ORTHOMCL1227	0.0185289	0.535721	0.517477	0.518477	0.0254034	0.575269	0.533579	0.5221	0.510757	0.0378839	0.516478	0.563277	0.633477	0.56386	0.508462	0.0619843	0.574148	0.531952	0.506367	0.506367	N/A
ORTHOMCL1270	0.518363	0.518363	0.517477	0.00932214	0.549642	0.575269	0.533579	0.5221	0.510757	0.573306	0.516478	0.563277	0.633477	0.094699	0.508462	1.56069e-05	0.574148	0.531952	0.506367	0.506367	N/A
ORTHOMCL1282	0.535721	0.535721	0.517477	0.518477	0.0254034	0.575269	0.533579	0.5221	0.510757	0.573306	0.516478	0.563277	0.633477	0.56386	0.508462	0.618034	0.000227984	0.531952	0.506367	0.506367	N/A
ORTHOMCL1286	0.518363	5.8991e-08	0.517477	0.518477	0.549642	0.575269	0.533579	0.5221	0.510757	0.573306	0.516478	0.0325684	0.633477	0.56386	0.508462	0.618034	0.574148	0.531952	0.506367	0.506367	N/A
ORTHOMCL1292	0.518363	0.518363	0.517477	0.000173865	0.549642	0.0389283	0.533579	0.5221	0.510757	0.0378839	0.516478	0.563277	0.633477	0.56386	0.508462	0.618034	0.0383314	0.531952	0.506367	0.506367	N/A
ORTHOMCL1311	0.518363	0.00926429	0.0088137	0.518477	0.549642	0.575269	0.533579	0.5221	0.510757	0.0378839	0.516478	0.563277	0.070422	0.56386	0.508462	0.0619843	0.574148	0.531952	0.506367	0.506367	N/A
ORTHOMCL1323	0.518363	5.8991e-08	0.517477	0.518477	0.549642	0.575269	0.533579	0.5221	0.510757	0.0378839	0.516478	0.563277	0.195044	0.56386	0.508462	0.618034	0.0383314	0.531952	0.506367	0.506367	N/A
ORTHOMCL1337	0.552135	0.0277783	0.517477	0.518477	0.00129403	0.575269	0.533579	0.5221	0.510757	0.0378839	0.516478	0.0938458	0.633477	0.56386	0.508462	0.618034	0.574148	0.531952	0.506367	0.506367	N/A
ORTHOMCL1346	0.0277783	0.552135	0.517477	0.0276283	0.00129403	0.575269	0.533579	0.5221	0.510757	0.573306	0.516478	0.563277	0.633477	0.094699	0.508462	0.0619843	0.0383314	0.531952	0.506367	0.506367	N/A
ORTHOMCL1356	0.518363	0.518363	0.517477	3.24272e-06	0.549642	0.575269	0.533579	0.5221	0.510757	0.573306	0.516478	0.563277	0.633477	0.56386	0.508462	0.618034	0.0383314	0.531952	0.506367	0.506367	N/A
ORTHOMCL1365	0.518363	0.518363	0.517477	0.00932214	0.549642	0.575269	0.533579	0.5221	0.510757	0.00288714	0.516478	0.563277	0.633477	0.56386	0.508462	0.0619843	0.574148	0.531952	0.506367	0.506367	N/A
ORTHOMCL1371	0.00926429	0.518363	0.517477	0.00932214	0.549642	0.575269	0.533579	0.5221	0.510757	0.0378839	0.516478	0.563277	0.633477	0.56386	0.508462	0.618034	0.0383314	0.531952	0.506367	0.506367	N/A
ORTHOMCL1396	0.518363	0.00926429	0.517477	0.00932214	0.549642	0.575269	0.533579	0.5221	0.510757	0.0378839	0.516478	0.563277	0.633477	0.56386	0.508462	0.618034	0.0383314	0.531952	0.506367	0.506367	N/A
ORTHOMCL1404	0.518363	0.518363	0.517477	0.000173865	0.549642	0.0389283	0.533579	0.5221	0.510757	0.573306	0.516478	0.563277	0.633477	0.56386	0.508462	0.618034	0.0383314	0.531952	0.506367	0.506367	N/A
ORTHOMCL1410	0.518363	0.00926429	0.517477	0.00932214	0.549642	0.575269	0.533579	0.5221	0.510757	0.573306	0.516478	0.563277	0.633477	0.56386	0.508462	0.0619843	0.0383314	0.531952	0.506367	0.506367	N/A
ORTHOMCL1435	0.535721	0.535721	0.517477	0.000173865	0.0254034	0.575269	0.533579	0.5221	0.510757	0.573306	0.516478	0.563277	0.633477	0.56386	0.508462	0.618034	0.574148	0.531952	0.506367	0.506367	N/A
ORTHOMCL1442	0.518363	0.518363	0.517477	0.000173865	0.549642	0.575269	0.533579	0.5221	0.510757	0.0378839	0.516478	0.563277	0.633477	0.56386	0.508462	0.0619843	0.574148	0.531952	0.506367	0.506367	N/A
ORTHOMCL1465	0.00926429	0.518363	0.517477	0.518477	0.549642	0.575269	0.533579	0.5221	0.510757	0.573306	0.516478	0.563277	0.633477	0.56386	0.508462	0.618034	0.000227984	0.531952	0.506367	0.506367	N/A
ORTHOMCL1469	0.00926429	0.518363	0.517477	0.518477	0.549642	0.575269	0.533579	0.5221	0.510757	0.00288714	0.516478	0.563277	0.633477	0.56386	0.508462	0.0619843	0.574148	0.531952	0.506367	0.506367	N/A
ORTHOMCL1471	0.518363	3.18269e-06	0.517477	0.518477	0.549642	0.575269	0.533579	0.5221	0.510757	0.573306	0.516478	0.0325684	0.633477	0.56386	0.508462	0.618034	0.574148	0.531952	0.506367	0.506367	N/A
ORTHOMCL1475	0.518363	0.518363	0.517477	0.00932214	0.549642	0.575269	0.533579	0.5221	0.510757	0.573306	0.516478	0.563277	0.326893	0.010313	0.508462	0.173083	0.632234	0.560874	0.0189184	0.512612	N/A
ORTHOMCL1483	0.000171713	0.518363	0.517477	0.518477	0.549642	0.575269	0.533579	0.5221	0.510757	0.00288714	0.516478	0.563277	0.633477	0.56386	0.508462	0.618034	0.574148	0.531952	0.506367	0.506367	N/A
ORTHOMCL1561	0.535721	0.535721	0.517477	0.000173865	0.0254034	0.575269	0.533579	0.5221	0.510757	0.573306	0.516478	0.563277	0.633477	0.56386	0.508462	0.618034	0.574148	0.531952	0.506367	0.506367	N/A
ORTHOMCL1599	0.518363	0.00926429	0.517477	0.518477	0.549642	0.575269	0.533579	0.5221	0.510757	0.00288714	0.516478	0.563277	0.633477	0.56386	0.508462	0.618034	0.0383314	0.531952	0.506367	0.506367	N/A
ORTHOMCL1605	0.00926429	0.518363	0.517477	0.518477	0.549642	0.575269	0.533579	0.5221	0.510757	0.0378839	0.516478	0.563277	0.633477	0.56386	0.508462	0.00780801	0.574148	0.531952	0.506367	0.506367	N/A
ORTHOMCL1712	0.518363	5.8991e-08	0.517477	0.518477	0.549642	0.575269	0.533579	0.5221	0.510757	0.573306	0.516478	0.563277	0.633477	0.56386	0.508462	0.618034	0.574148	0.531952	0.506367	0.506367	N/A
ORTHOMCL1779	0.00926429	0.518363	0.517477	0.000173865	0.549642	0.575269	0.533579	0.5221	0.510757	0.573306	0.516478	0.563277	0.633477	0.56386	0.508462	0.618034	0.574148	0.531952	0.506367	0.506367	N/A
ORTHOMCL1810	0.518363	0.518363	0.517477	0.518477	0.549642	0.575269	0.533579	0.5221	0.510757	0.0378839	0.516478	0.000139372	0.633477	0.094699	0.508462	0.0619843	0.109734	0.531952	0.506367	0.506367	N/A
ORTHOMCL1868	0.518363	0.00926429	0.517477	0.000173865	0.549642	0.575269	0.533579	0.5221	0.510757	0.573306	0.516478	0.563277	0.633477	0.56386	0.508462	0.618034	0.574148	0.531952	0.506367	0.506367	N/A
ORTHOMCL1938	0.535721	0.0185289	0.517477	0.518477	0.0254034	0.575269	0.533579	0.5221	0.510757	0.573306	0.516478	0.563277	0.633477	0.56386	0.508462	0.173083	0.0383314	0.531952	0.506367	0.506367	N/A
ORTHOMCL1955	0.518363	3.18269e-06	0.517477	0.518477	0.549642	0.575269	0.533579	0.5221	0.510757	0.573306	0.516478	0.563277	0.633477	0.56386	0.508462	0.618034	0.574148	0.531952	0.506367	0.506367	N/A
ORTHOMCL1980	0.518363	0.518363	0.517477	0.518477	0.549642	0.0389283	0.533579	0.5221	0.510757	0.573306	0.516478	0.0938458	0.633477	0.56386	0.508462	0.000983555	0.574148	0.531952	0.506367	0.506367	N/A
ORTHOMCL2048	0.518363	0.518363	0.517477	0.518477	0.549642	0.111369	0.533579	0.5221	0.510757	0.573306	0.516478	9.11724e-06	0.633477	0.56386	0.508462	0.618034	0.574148	0.531952	0.506367	0.506367	N/A
ORTHOMCL2971	0.518363	0.518363	0.517477	0.0276283	0.549642	0.575269	0.533579	0.5221	0.510757	0.0378839	0.516478	0.563277	0.633477	0.00217114	0.508462	0.618034	0.574148	0.531952	0.506367	0.506367	N/A
ORTHOMCL2975	0.518363	0.518363	0.517477	0.0276283	0.549642	0.111369	0.533579	0.5221	0.510757	0.573306	0.516478	0.563277	0.633477	0.56386	0.508462	0.618034	1.75825e-05	0.531952	0.506367	0.506367	N/A
ORTHOMCL4221	0.0274589	0.518363	0.0088137	0.518477	0.549642	0.575269	0.533579	0.5221	0.510757	0.573306	0.516478	0.563277	0.633477	0.56386	0.508462	0.618034	0.0383314	0.531952	0.506367	0.506367	N/A
ORTHOMCL9290	0.5	0.5	0.517477	0.518477	0.0738138	0.575269	0.533579	0.5221	0.510757	0.108508	0.516478	0.0938458	0.5	0.5	0.508462	0.0619843	0.574148	0.0476637	0.506367	0.506367	N/A
ORTHOMCL9297	0.5	0.5	2.74034e-06	0.0276283	0.5	0.5	0.533579	0.0330252	0.510757	0.108508	0.516478	0.563277	0.633477	0.094699	0.508462	0.173083	0.109734	0.531952	0.506367	0.506367	N/A
ORTHOMCL9626	0.5	0.5	0.517477	0.518477	0.0738138	0.575269	0.533579	0.5221	0.510757	0.108508	0.516478	0.0938458	0.633477	0.094699	0.508462	0.173083	0.109734	0.531952	0.506367	0.506367	N/A
ORTHOMCL9656	0.518363	0.0274589	0.0088137	0.0276283	0.549642	0.111369	0.533579	0.5221	0.510757	0.108508	0.516478	0.0938458	0.633477	0.094699	0.508462	0.173083	0.109734	0.531952	0.506367	0.506367	N/A
ORTHOMCL9929	0.5	0.5	0.517477	0.0276283	0.5	0.5	0.533579	0.0330252	0.510757	0.108508	0.516478	0.563277	0.633477	0.094699	0.508462	0.173083	0.109734	0.531952	0.506367	0.506367	N/A
ORTHOMCL10448	0.5	0.5	0.517477	0.0276283	0.5	0.5	0.533579	0.0330252	0.510757	0.108508	0.516478	0.0938458	0.633477	0.094699	0.508462	0.173083	0.109734	0.531952	0.506367	0.506367	N/A
